,gameId,teamId,points,pos,min,fgm,fga,fgp,ftm,fta,ftp,tpm,tpa,tpp,offReb,defReb,totReb,assists,pFouls,steals,turnovers,blocks,plusMinus,playerId,startTimeUTC,lastName
0,8142,22,5,,25:51,2,9,22.2,0,0,0.0,1,5,20.0,1,3,4,1,5,0,3,0,-17,2584,2020-12-13T01:00:00.000Z,Edwards
1,8155,22,12,,26:17,4,14,28.6,3,4,75.0,1,7,14.3,0,4,4,2,2,2,5,1,-14,2584,2020-12-15T01:00:00.000Z,Edwards
2,8168,22,17,,26:23,5,15,33.3,4,4,100,3,8,37.5,0,3,3,3,3,0,0,0,6,2584,2020-12-18T01:30:00.000Z,Edwards
3,7526,22,15,,25:09,5,12,41.7,4,4,100,1,5,20.0,2,2,4,4,1,0,1,0,4,2584,2020-12-24T01:00:00.000Z,Edwards
4,7536,22,18,,22:20,8,12,66.7,0,0,0.0,2,3,66.7,0,1,1,1,4,2,0,0,6,2584,2020-12-27T02:00:00.000Z,Edwards
5,8221,22,15,,28:32,6,21,28.6,2,2,100,1,9,11.1,2,2,4,2,2,1,1,0,-14,2584,2020-12-28T03:00:00.000Z,Edwards
6,8235,22,12,,24:42,4,10,40.0,0,0,0.0,4,7,57.1,0,0,0,0,1,0,0,1,-21,2584,2020-12-30T03:00:00.000Z,Edwards
7,8255,22,17,,26:21,7,16,43.8,1,4,25.0,2,8,25.0,0,3,3,2,2,0,3,1,-7,2584,2021-01-02T01:00:00.000Z,Edwards
8,8269,22,5,,22:56,2,4,50.0,0,0,0.0,1,3,33.3,0,0,0,4,1,1,3,0,-8,2584,2021-01-04T00:00:00.000Z,Edwards
9,8285,22,15,,25:33,6,19,31.6,2,2,100,1,7,14.3,1,2,3,1,1,0,3,0,-9,2584,2021-01-06T02:00:00.000Z,Edwards
10,8303,22,26,,31:13,9,21,42.9,5,7,71.4,3,10,30.0,2,2,4,1,2,2,4,0,-15,2584,2021-01-08T03:00:00.000Z,Edwards
11,8319,22,13,,30:16,5,11,45.5,2,2,100,1,4,25.0,0,4,4,4,3,0,3,0,2,2584,2021-01-10T01:00:00.000Z,Edwards
12,8328,22,0,,17:41,0,8,0.0,0,0,0.0,0,2,0.0,3,3,6,1,1,0,2,0,-5,2584,2021-01-11T01:00:00.000Z,Edwards
13,8350,22,2,,16:50,1,6,16.7,0,0,0.0,0,2,0.0,2,1,3,1,1,0,0,0,-3,2584,2021-01-14T01:00:00.000Z,Edwards
14,7713,22,12,,30:22,5,16,31.2,0,0,0.0,2,5,40.0,1,4,5,2,2,0,1,0,1,2584,2021-01-18T19:30:00.000Z,Edwards
15,7729,22,8,,22:49,3,14,21.4,1,2,50.0,1,4,25.0,0,0,0,0,0,0,2,0,13,2584,2021-01-21T01:00:00.000Z,Edwards
16,7744,22,5,,24:01,2,12,16.7,0,0,0.0,1,5,20.0,0,3,3,1,2,1,3,0,-13,2584,2021-01-23T01:00:00.000Z,Edwards
17,7754,22,18,,20:16,5,14,35.7,6,6,100,2,7,28.6,0,1,1,1,0,2,2,0,9,2584,2021-01-24T01:00:00.000Z,Edwards
18,7774,22,15,,27:13,4,13,30.8,6,7,85.7,1,3,33.3,2,1,3,1,2,1,2,0,-10,2584,2021-01-26T03:00:00.000Z,Edwards
19,7791,22,25,,32:23,9,19,47.4,2,2,100,5,8,62.5,1,3,4,2,1,3,3,0,-2,2584,2021-01-28T03:00:00.000Z,Edwards
20,7802,22,15,SF,28:48,5,13,38.5,2,2,100,3,7,42.9,0,4,4,3,2,0,1,0,-25,2584,2021-01-30T01:00:00.000Z,Edwards
21,7819,22,23,SF,30:17,9,15,60.0,1,1,100,4,7,57.1,0,5,5,4,2,1,0,1,0,2584,2021-02-01T01:00:00.000Z,Edwards
22,7820,22,13,PF,31:18,5,12,41.7,1,1,100,2,5,40.0,0,3,3,2,2,1,0,0,-3,2584,2021-02-02T01:00:00.000Z,Edwards
23,8515,22,14,SF,31:34,6,14,42.9,1,2,50.0,1,3,33.3,0,6,6,2,1,0,0,1,-5,2584,2021-02-04T01:30:00.000Z,Edwards
24,8529,22,9,SF,32:15,3,14,21.4,2,2,100,1,7,14.3,0,2,2,5,1,0,2,1,-6,2584,2021-02-06T01:00:00.000Z,Edwards
25,8540,22,20,SF,31:15,8,16,50.0,2,4,50.0,2,5,40.0,0,8,8,4,1,1,0,1,2,2584,2021-02-07T01:00:00.000Z,Edwards
26,8551,22,22,SF,30:56,8,19,42.1,3,4,75.0,3,8,37.5,0,2,2,4,2,2,1,2,-13,2584,2021-02-09T01:30:00.000Z,Edwards
27,8568,22,11,SF,29:44,4,9,44.4,2,2,100,1,5,20.0,2,2,4,2,1,1,3,0,1,2584,2021-02-11T01:00:00.000Z,Edwards
28,8576,22,21,SF,33:58,9,21,42.9,1,1,100,2,6,33.3,0,6,6,3,2,0,0,0,-4,2584,2021-02-13T00:00:00.000Z,Edwards
29,8594,22,18,SF,34:56,7,15,46.7,3,4,75.0,1,7,14.3,0,7,7,3,1,1,2,0,14,2584,2021-02-15T00:00:00.000Z,Edwards
30,8612,22,28,SF,34:20,10,21,47.6,3,4,75.0,5,10,50.0,0,7,7,5,2,1,3,2,0,2584,2021-02-17T01:00:00.000Z,Edwards
31,8621,22,8,SG,38:46,3,15,20.0,2,2,100,0,4,0.0,0,5,5,4,0,0,1,0,-23,2584,2021-02-18T01:00:00.000Z,Edwards
32,7962,22,7,SF,34:05,3,14,21.4,1,2,50.0,0,7,0.0,0,3,3,4,0,2,1,1,-13,2584,2021-02-20T02:00:00.000Z,Edwards
33,8650,22,12,SF,31:38,3,11,27.3,3,4,75.0,3,6,50.0,0,3,3,4,2,0,3,0,-8,2584,2021-02-22T00:00:00.000Z,Edwards
34,8667,22,9,SF,27:43,3,13,23.1,0,0,0.0,3,8,37.5,0,6,6,3,1,0,4,2,-10,2584,2021-02-24T01:00:00.000Z,Edwards
35,8674,22,21,SF,36:57,7,20,35.0,4,4,100,3,9,33.3,3,6,9,6,2,2,3,0,5,2584,2021-02-25T01:00:00.000Z,Edwards
36,8025,22,21,SF,32:10,9,22,40.9,0,2,0.0,3,11,27.3,2,4,6,0,2,1,1,2,2,2584,2021-02-28T00:00:00.000Z,Edwards
37,8034,22,24,SF,35:28,8,22,36.4,6,6,100,2,8,25.0,0,5,5,1,3,3,4,0,-15,2584,2021-03-01T02:00:00.000Z,Edwards
38,8055,22,19,SG,33:09,8,23,34.8,2,2,100,1,10,10.0,3,2,5,3,2,2,4,0,-24,2584,2021-03-04T01:00:00.000Z,Edwards
39,8802,22,27,SG,37:21,10,22,45.5,5,6,83.3,2,5,40.0,0,4,4,2,3,3,3,0,11,2584,2021-03-12T01:00:00.000Z,Edwards
40,8819,22,21,SG,29:29,8,18,44.4,2,4,50.0,3,7,42.9,0,8,8,3,4,1,3,0,-6,2584,2021-03-14T01:00:00.000Z,Edwards
41,8827,22,34,SG,36:36,12,24,50.0,4,4,100,6,14,42.9,0,4,4,2,3,1,2,0,-7,2584,2021-03-15T00:00:00.000Z,Edwards
42,8843,22,29,SG,38:26,11,22,50.0,4,6,66.7,3,7,42.9,2,2,4,1,1,1,2,0,-17,2584,2021-03-17T02:30:00.000Z,Edwards
43,8856,22,42,SG,38:17,15,31,48.4,8,13,61.5,4,13,30.8,3,4,7,3,2,2,2,0,9,2584,2021-03-19T02:00:00.000Z,Edwards
44,8866,22,11,SG,36:10,4,18,22.2,0,0,0.0,3,8,37.5,2,8,10,6,2,1,7,1,-12,2584,2021-03-20T02:00:00.000Z,Edwards
45,8882,22,16,SG,32:10,6,16,37.5,2,4,50.0,2,7,28.6,1,1,2,3,1,1,2,0,-17,2584,2021-03-23T00:00:00.000Z,Edwards
46,8182,22,29,SG,37:15,9,23,39.1,8,9,88.9,3,12,25.0,0,5,5,3,3,1,0,0,-7,2584,2021-03-25T00:00:00.000Z,Edwards
47,8197,22,12,SG,33:05,4,17,23.5,2,2,100,2,7,28.6,0,6,6,2,1,1,1,0,-12,2584,2021-03-27T00:00:00.000Z,Edwards
48,8205,22,27,SF,34:06,11,22,50.0,2,3,66.7,3,9,33.3,1,3,4,2,1,1,1,0,-5,2584,2021-03-28T00:00:00.000Z,Edwards
49,8218,22,23,SF,35:01,9,22,40.9,5,7,71.4,0,7,0.0,3,7,10,0,5,3,4,1,5,2584,2021-03-29T23:30:00.000Z,Edwards
50,8954,22,24,SF,35:32,9,16,56.2,4,5,80.0,2,7,28.6,1,1,2,3,3,3,3,4,14,2584,2021-04-01T00:00:00.000Z,Edwards
51,8969,22,22,SF,30:59,9,14,64.3,2,2,100,2,3,66.7,1,2,3,6,1,1,3,2,-5,2584,2021-04-03T00:00:00.000Z,Edwards
52,8978,22,27,SG,41:18,10,23,43.5,4,4,100,3,7,42.9,1,0,1,1,1,1,4,0,-9,2584,2021-04-04T00:00:00.000Z,Edwards
53,8993,22,19,SG,37:33,5,15,33.3,6,7,85.7,3,10,30.0,1,7,8,5,1,2,7,0,15,2584,2021-04-05T23:00:00.000Z,Edwards
54,9004,22,27,SG,33:52,11,21,52.4,3,5,60.0,2,5,40.0,3,2,5,3,1,1,2,0,5,2584,2021-04-07T23:00:00.000Z,Edwards
55,9020,22,24,SG,40:26,7,12,58.3,8,8,100,2,6,33.3,1,4,5,5,3,1,3,0,-1,2584,2021-04-09T23:30:00.000Z,Edwards
56,9040,22,15,SG,35:49,5,14,35.7,3,3,100,2,5,40.0,0,5,5,2,0,3,2,0,4,2584,2021-04-12T00:00:00.000Z,Edwards
57,9045,22,27,SG,33:12,8,22,36.4,9,12,75.0,2,11,18.2,1,7,8,2,2,1,1,1,-39,2584,2021-04-13T20:00:00.000Z,Edwards
58,9062,22,24,SG,30:54,8,21,38.1,3,5,60.0,5,11,45.5,0,0,0,3,0,3,2,0,-21,2584,2021-04-14T20:30:00.000Z,Edwards
59,9080,22,12,SG,30:20,5,13,38.5,0,0,0.0,2,6,33.3,0,4,4,5,0,1,1,0,19,2584,2021-04-17T00:00:00.000Z,Edwards
60,8376,22,23,SG,28:40,6,16,37.5,6,7,85.7,5,11,45.5,0,6,6,3,4,0,1,0,-17,2584,2021-04-19T02:00:00.000Z,Edwards
61,8389,22,28,SG,37:54,11,21,52.4,1,1,100,5,12,41.7,0,4,4,3,2,3,3,1,4,2584,2021-04-21T02:00:00.000Z,Edwards
62,8400,22,16,SG,27:57,4,10,40.0,6,8,75.0,2,7,28.6,0,1,1,2,1,0,2,0,-3,2584,2021-04-22T02:00:00.000Z,Edwards
63,8418,22,23,SG,36:09,9,19,47.4,1,3,33.3,4,10,40.0,1,8,9,4,1,5,2,0,5,2584,2021-04-25T01:00:00.000Z,Edwards
64,8432,22,14,SG,37:44,5,17,29.4,3,3,100,1,10,10.0,1,8,9,4,2,1,3,0,1,2584,2021-04-27T00:00:00.000Z,Edwards
65,8440,22,19,SG,33:04,9,22,40.9,0,3,0.0,1,8,12.5,2,7,9,2,1,3,3,2,2,2584,2021-04-28T01:00:00.000Z,Edwards
66,8455,22,25,SG,34:30,10,19,52.6,2,3,66.7,3,6,50.0,0,5,5,3,4,0,2,1,5,2584,2021-04-30T00:00:00.000Z,Edwards
67,8143,11,,,,,,,,,,,,,,,,,,,,,,2666,2020-12-13T01:30:00.000Z,Wiseman
68,8159,11,,,,,,,,,,,,,,,,,,,,,,2666,2020-12-16T03:00:00.000Z,Wiseman
69,8169,11,,,,,,,,,,,,,,,,,,,,,,2666,2020-12-18T02:00:00.000Z,Wiseman
70,7509,11,19,C,24:17,7,13,53.8,4,8,50.0,1,1,100,1,5,6,0,2,2,1,0,-10,2666,2020-12-23T00:00:00.000Z,Wiseman
71,7514,11,18,C,25:03,5,11,45.5,5,6,83.3,3,4,75.0,3,5,8,0,4,0,2,3,-16,2666,2020-12-25T19:30:00.000Z,Wiseman
72,7546,11,7,C,22:37,3,8,37.5,0,0,0.0,1,1,100,0,3,3,0,4,1,1,1,-4,2666,2020-12-28T01:00:00.000Z,Wiseman
73,8228,11,6,C,21:44,3,9,33.3,0,0,0.0,0,2,0.0,1,5,6,1,6,0,2,2,23,2666,2020-12-30T00:00:00.000Z,Wiseman
74,8259,11,8,C,19:00,2,8,25.0,4,4,100,0,2,0.0,0,5,5,0,4,0,1,2,-22,2666,2021-01-02T03:30:00.000Z,Wiseman
75,8273,11,12,C,21:37,6,9,66.7,0,2,0.0,0,1,0.0,2,9,11,1,4,0,3,2,12,2666,2021-01-04T01:30:00.000Z,Wiseman
76,8282,11,10,C,17:26,5,9,55.6,0,1,0.0,0,1,0.0,1,4,5,1,2,0,1,2,4,2666,2021-01-05T03:00:00.000Z,Wiseman
77,8297,11,10,C,18:01,5,10,50.0,0,0,0.0,0,0,0.0,1,3,4,0,3,1,3,1,-7,2666,2021-01-07T03:00:00.000Z,Wiseman
78,8311,11,9,C,15:18,3,7,42.9,2,4,50.0,1,2,50.0,2,4,6,0,0,0,1,2,-21,2666,2021-01-09T03:00:00.000Z,Wiseman
79,8329,11,10,C,16:32,5,7,71.4,0,0,0.0,0,1,0.0,0,7,7,0,2,0,0,0,-2,2666,2021-01-11T01:30:00.000Z,Wiseman
80,8344,11,8,C,26:03,4,12,33.3,0,2,0.0,0,0,0.0,4,5,9,0,5,0,2,2,-11,2666,2021-01-13T03:30:00.000Z,Wiseman
81,8358,11,18,C,27:23,8,13,61.5,2,2,100,0,0,0.0,1,4,5,2,4,1,1,2,0,2666,2021-01-15T03:00:00.000Z,Wiseman
82,7720,11,4,C,12:51,2,4,50.0,0,0,0.0,0,0,0.0,0,3,3,0,5,1,5,1,-19,2666,2021-01-19T03:00:00.000Z,Wiseman
83,7731,11,20,C,25:20,8,11,72.7,4,5,80.0,0,0,0.0,1,5,6,4,4,0,0,0,17,2666,2021-01-21T03:00:00.000Z,Wiseman
84,7736,11,15,C,24:47,5,9,55.6,5,7,71.4,0,1,0.0,3,5,8,2,1,1,1,0,-6,2666,2021-01-22T03:00:00.000Z,Wiseman
85,7750,11,15,C,24:47,7,15,46.7,1,3,33.3,0,2,0.0,0,5,5,0,2,0,1,2,-10,2666,2021-01-24T02:00:00.000Z,Wiseman
86,7774,11,13,,15:47,4,5,80.0,5,8,62.5,0,0,0.0,1,3,4,0,4,0,2,2,-2,2666,2021-01-26T03:00:00.000Z,Wiseman
87,7791,11,25,,24:18,9,14,64.3,4,6,66.7,3,3,100,3,3,6,0,3,0,4,2,12,2666,2021-01-28T03:00:00.000Z,Wiseman
88,7794,11,5,,18:31,2,9,22.2,1,2,50.0,0,0,0.0,4,2,6,1,2,1,1,0,-10,2666,2021-01-29T03:00:00.000Z,Wiseman
89,7813,11,11,,17:15,5,12,41.7,1,1,100,0,1,0.0,2,7,9,2,2,0,0,0,9,2666,2021-01-31T03:00:00.000Z,Wiseman
90,7834,11,,,,,,,,,,,,,,,,,,,,,,2666,2021-02-03T03:00:00.000Z,Wiseman
91,8520,11,,,,,,,,,,,,,,,,,,,,,,2666,2021-02-05T00:30:00.000Z,Wiseman
92,8541,11,,,,,,,,,,,,,,,,,,,,,,2666,2021-02-07T01:30:00.000Z,Wiseman
93,8552,11,,,,,,,,,,,,,,,,,,,,,,2666,2021-02-09T01:30:00.000Z,Wiseman
94,8559,11,,,,,,,,,,,,,,,,,,,,,,2666,2021-02-10T01:30:00.000Z,Wiseman
95,8574,11,,,,,,,,,,,,,,,,,,,,,,2666,2021-02-12T03:00:00.000Z,Wiseman
96,8590,11,,,,,,,,,,,,,,,,,,,,,,2666,2021-02-14T01:30:00.000Z,Wiseman
97,8605,11,,,,,,,,,,,,,,,,,,,,,,2666,2021-02-16T03:00:00.000Z,Wiseman
98,8624,11,,,,,,,,,,,,,,,,,,,,,,2666,2021-02-18T03:00:00.000Z,Wiseman
99,7957,11,,,,,,,,,,,,,,,,,,,,,,2666,2021-02-20T00:00:00.000Z,Wiseman
100,8640,11,,,,,,,,,,,,,,,,,,,,,,2666,2021-02-21T01:00:00.000Z,Wiseman
101,8664,11,14,,15:43,6,9,66.7,2,2,100,0,0,0.0,0,2,2,1,1,0,0,0,-6,2666,2021-02-24T00:30:00.000Z,Wiseman
102,8670,11,11,,18:19,5,8,62.5,0,0,0.0,1,1,100,2,3,5,0,6,1,2,0,7,2666,2021-02-25T00:30:00.000Z,Wiseman
103,8692,11,16,,16:49,7,10,70.0,2,2,100,0,0,0.0,0,4,4,0,1,0,2,0,-2,2666,2021-02-27T03:00:00.000Z,Wiseman
104,8035,11,5,,25:13,2,7,28.6,1,3,33.3,0,2,0.0,1,7,8,0,6,0,1,1,-7,2666,2021-03-01T01:00:00.000Z,Wiseman
105,8058,11,6,,11:21,3,4,75.0,0,0,0.0,0,0,0.0,0,2,2,0,4,0,1,0,-6,2666,2021-03-04T03:00:00.000Z,Wiseman
106,8366,11,11,C,34:35,5,14,35.7,1,2,50.0,0,2,0.0,3,8,11,2,3,0,0,1,-8,2666,2021-03-05T03:00:00.000Z,Wiseman
107,8804,11,14,,12:00,6,7,85.7,1,3,33.3,1,1,100,1,6,7,0,1,0,2,0,10,2666,2021-03-12T03:00:00.000Z,Wiseman
108,8822,11,16,,23:12,8,11,72.7,0,0,0.0,0,1,0.0,1,3,4,0,3,0,1,1,-4,2666,2021-03-14T20:00:00.000Z,Wiseman
109,8836,11,7,,27:58,3,7,42.9,1,2,50.0,0,1,0.0,5,3,8,1,6,0,3,0,-25,2666,2021-03-16T02:30:00.000Z,Wiseman
110,8174,11,11,C,25:51,5,13,38.5,1,2,50.0,0,1,0.0,0,4,4,2,3,0,0,1,-7,2666,2021-03-24T02:00:00.000Z,Wiseman
111,8191,11,6,C,29:26,3,8,37.5,0,0,0.0,0,1,0.0,1,7,8,0,4,0,5,0,-9,2666,2021-03-26T02:00:00.000Z,Wiseman
112,8201,11,18,C,26:32,7,13,53.8,4,4,100,0,1,0.0,0,5,5,0,4,1,1,0,-17,2666,2021-03-27T02:00:00.000Z,Wiseman
113,8944,11,12,C,27:48,6,8,75.0,0,0,0.0,0,0,0.0,2,3,5,0,4,0,1,4,-8,2666,2021-03-30T02:00:00.000Z,Wiseman
114,8961,11,4,C,19:29,1,5,20.0,2,2,100,0,0,0.0,3,1,4,1,3,0,5,0,-4,2666,2021-04-02T00:00:00.000Z,Wiseman
115,8965,11,9,C,30:34,4,11,36.4,0,0,0.0,1,2,50.0,1,4,5,2,4,0,3,1,-32,2666,2021-04-02T23:00:00.000Z,Wiseman
116,8987,11,8,C,17:39,4,9,44.4,0,0,0.0,0,1,0.0,1,4,5,0,1,0,0,0,3,2666,2021-04-04T23:30:00.000Z,Wiseman
117,9002,11,13,C,25:19,6,13,46.2,1,1,100,0,1,0.0,3,7,10,2,0,0,0,1,-7,2666,2021-04-07T02:00:00.000Z,Wiseman
118,9026,11,18,C,23:18,9,11,81.8,0,0,0.0,0,1,0.0,1,5,6,1,4,0,1,0,4,2666,2021-04-10T02:00:00.000Z,Wiseman
119,9030,11,6,C,6:07,3,5,60.0,0,2,0.0,0,0,0.0,0,1,1,0,0,1,0,0,-2,2666,2021-04-11T02:00:00.000Z,Wiseman
120,8138,5,0,,16:07,0,5,0.0,0,0,0.0,0,3,0.0,0,10,10,4,2,0,4,0,-1,2566,2020-12-13T00:00:00.000Z,Ball
121,8152,5,12,,20:00,3,10,30.0,4,6,66.7,2,6,33.3,0,3,3,2,2,1,3,1,-17,2566,2020-12-15T00:00:00.000Z,Ball
122,8164,5,18,,26:18,7,17,41.2,0,0,0.0,4,9,44.4,0,2,2,5,3,1,3,0,2,2566,2020-12-18T00:00:00.000Z,Ball
123,7506,5,4,,24:27,1,10,10.0,2,2,100,0,4,0.0,2,3,5,4,1,0,4,1,-1,2566,2020-12-20T00:00:00.000Z,Ball
124,7518,5,0,,15:48,0,5,0.0,0,0,0.0,0,3,0.0,0,1,1,3,2,2,3,0,2,2566,2020-12-24T00:00:00.000Z,Ball
125,7530,5,13,,15:19,5,10,50.0,1,2,50.0,2,4,50.0,2,4,6,1,1,1,2,0,-11,2566,2020-12-27T00:00:00.000Z,Ball
126,7540,5,6,,20:01,2,6,33.3,0,0,0.0,2,3,66.7,0,5,5,5,4,1,3,0,-4,2566,2020-12-28T00:00:00.000Z,Ball
127,8240,5,22,,29:24,7,10,70.0,4,4,100,4,5,80.0,4,4,8,5,3,1,2,1,8,2566,2020-12-31T01:30:00.000Z,Ball
128,8250,5,15,,26:42,6,14,42.9,1,2,50.0,2,7,28.6,1,2,3,6,2,2,2,0,0,2566,2021-01-02T00:00:00.000Z,Ball
129,8263,5,13,,30:41,4,12,33.3,4,6,66.7,1,4,25.0,2,2,4,5,4,4,2,2,-10,2566,2021-01-03T00:00:00.000Z,Ball
130,8275,5,12,,30:25,5,16,31.2,2,3,66.7,0,5,0.0,2,5,7,9,2,2,2,0,-9,2566,2021-01-05T00:00:00.000Z,Ball
131,8291,5,13,,23:40,5,11,45.5,2,2,100,1,4,25.0,2,6,8,5,2,0,1,0,0,2566,2021-01-07T00:30:00.000Z,Ball
132,8307,5,12,,25:34,4,11,36.4,3,4,75.0,1,5,20.0,4,6,10,9,3,1,3,0,5,2566,2021-01-09T00:30:00.000Z,Ball
133,8315,5,22,,31:10,9,13,69.2,1,2,50.0,3,5,60.0,3,9,12,11,4,1,1,0,18,2566,2021-01-10T00:00:00.000Z,Ball
134,8330,5,8,,29:34,3,13,23.1,0,0,0.0,2,6,33.3,1,13,14,7,2,3,1,1,4,2566,2021-01-12T00:00:00.000Z,Ball
135,8345,5,4,,25:25,2,8,25.0,0,1,0.0,0,4,0.0,0,7,7,5,3,0,2,0,-15,2566,2021-01-14T00:00:00.000Z,Ball
136,8356,5,14,,26:05,6,14,42.9,0,0,0.0,2,5,40.0,2,4,6,11,2,3,5,1,-4,2566,2021-01-15T00:30:00.000Z,Ball
137,8372,5,11,,22:58,4,11,36.4,1,2,50.0,2,6,33.3,2,3,5,4,3,0,1,0,-19,2566,2021-01-17T00:30:00.000Z,Ball
138,7737,5,7,,16:34,3,7,42.9,1,1,100,0,2,0.0,0,1,1,2,1,2,5,0,-15,2566,2021-01-23T00:00:00.000Z,Ball
139,7760,5,11,,27:43,4,11,36.4,1,1,100,2,4,50.0,0,5,5,8,2,1,4,0,15,2566,2021-01-25T00:00:00.000Z,Ball
140,7767,5,9,,21:06,4,10,40.0,1,3,33.3,0,5,0.0,0,2,2,4,3,0,3,2,-7,2566,2021-01-26T00:00:00.000Z,Ball
141,7779,5,8,,21:51,2,4,50.0,4,4,100,0,1,0.0,1,3,4,5,2,0,1,0,-24,2566,2021-01-28T00:00:00.000Z,Ball
142,7796,5,16,,29:47,7,13,53.8,2,3,66.7,0,6,0.0,1,5,6,7,1,2,5,0,0,2566,2021-01-30T00:00:00.000Z,Ball
143,7807,5,27,,31:00,8,10,80.0,9,9,100,2,3,66.7,2,3,5,9,3,3,1,0,37,2566,2021-01-31T01:00:00.000Z,Ball
144,7822,5,14,PG,31:25,3,11,27.3,6,6,100,2,4,50.0,2,3,5,7,5,0,3,0,-6,2566,2021-02-02T00:30:00.000Z,Ball
145,7835,5,22,SG,38:18,8,16,50.0,3,3,100,3,6,50.0,1,6,7,3,2,2,6,0,-3,2566,2021-02-04T00:00:00.000Z,Ball
146,8523,5,34,PG,39:23,14,27,51.9,2,3,66.7,4,9,44.4,2,2,4,8,4,2,0,1,-1,2566,2021-02-06T01:00:00.000Z,Ball
147,7723,5,19,PG,30:29,7,17,41.2,2,2,100,3,6,50.0,2,5,7,5,1,1,1,0,14,2566,2021-02-07T18:00:00.000Z,Ball
148,8548,5,24,PG,31:51,7,18,38.9,3,4,75.0,7,12,58.3,1,6,7,10,4,0,4,0,29,2566,2021-02-09T00:00:00.000Z,Ball
149,8567,5,17,PG,28:13,8,15,53.3,0,0,0.0,1,4,25.0,1,1,2,5,0,3,3,1,-9,2566,2021-02-11T01:00:00.000Z,Ball
150,8576,5,20,PG,36:44,8,15,53.3,2,2,100,2,8,25.0,2,9,11,4,5,3,4,0,15,2566,2021-02-13T00:00:00.000Z,Ball
151,8595,5,17,PG,39:00,7,20,35.0,0,0,0.0,3,8,37.5,3,9,12,8,4,3,5,1,-16,2566,2021-02-15T00:00:00.000Z,Ball
152,8640,5,7,PG,31:46,3,10,30.0,0,0,0.0,1,5,20.0,0,3,3,7,3,2,5,1,-3,2566,2021-02-21T01:00:00.000Z,Ball
153,8659,5,21,PG,38:10,8,20,40.0,3,3,100,2,7,28.6,2,5,7,4,2,3,3,0,-3,2566,2021-02-23T02:00:00.000Z,Ball
154,8677,5,20,PG,30:07,7,11,63.6,3,3,100,3,7,42.9,1,3,4,8,4,2,3,0,-5,2566,2021-02-25T02:00:00.000Z,Ball
155,8692,5,22,PG,37:10,7,16,43.8,5,8,62.5,3,8,37.5,3,4,7,6,5,1,3,0,-14,2566,2021-02-27T03:00:00.000Z,Ball
156,8036,5,24,PG,38:31,7,12,58.3,9,10,90.0,1,2,50.0,0,4,4,12,4,0,3,1,6,2566,2021-03-01T03:00:00.000Z,Ball
157,8043,5,30,PG,32:00,10,18,55.6,5,6,83.3,5,7,71.4,2,4,6,8,3,4,3,1,-18,2566,2021-03-02T03:30:00.000Z,Ball
158,8055,5,19,PG,26:21,7,13,53.8,1,2,50.0,4,5,80.0,0,7,7,5,0,2,4,0,25,2566,2021-03-04T01:00:00.000Z,Ball
159,8796,5,7,PG,29:21,3,11,27.3,0,0,0.0,1,5,20.0,1,4,5,9,4,1,5,0,3,2566,2021-03-12T00:00:00.000Z,Ball
160,8816,5,23,PG,31:09,7,11,63.6,3,3,100,6,9,66.7,2,7,9,6,1,1,2,1,25,2566,2021-03-14T00:00:00.000Z,Ball
161,8830,5,16,PG,25:28,7,15,46.7,2,3,66.7,0,3,0.0,0,4,4,4,3,1,0,0,-5,2566,2021-03-15T23:00:00.000Z,Ball
162,8852,5,14,PG,22:28,5,11,45.5,3,4,75.0,1,5,20.0,0,1,1,2,4,1,2,0,-12,2566,2021-03-18T01:00:00.000Z,Ball
163,8858,5,26,PG,33:23,10,18,55.6,4,5,80.0,2,5,40.0,0,5,5,7,5,1,6,0,-15,2566,2021-03-19T02:30:00.000Z,Ball
164,8872,5,13,PG,21:47,4,12,33.3,4,7,57.1,1,4,25.0,0,5,5,2,4,3,1,0,-18,2566,2021-03-21T02:00:00.000Z,Ball
165,8135,6,12,,25:02,5,9,55.6,2,2,100,0,2,0.0,1,2,3,0,3,0,3,0,3,2664,2020-12-12T01:00:00.000Z,Williams
166,8148,6,13,,28:08,4,12,33.3,3,6,50.0,2,3,66.7,1,2,3,0,4,3,4,0,5,2664,2020-12-14T01:00:00.000Z,Williams
167,8161,6,13,SF,26:31,6,9,66.7,0,1,0.0,1,1,100,3,4,7,0,1,0,3,2,13,2664,2020-12-17T01:00:00.000Z,Williams
168,7503,6,7,SF,28:48,3,7,42.9,1,2,50.0,0,1,0.0,0,3,3,2,3,0,2,0,0,2664,2020-12-19T01:00:00.000Z,Williams
169,7523,6,16,SF,33:02,5,11,45.5,5,6,83.3,1,3,33.3,0,4,4,1,2,1,0,1,-23,2664,2020-12-24T01:00:00.000Z,Williams
170,7534,6,9,SF,22:04,2,6,33.3,4,4,100,1,1,100,1,1,2,1,0,0,4,1,-14,2664,2020-12-27T01:00:00.000Z,Williams
171,7546,6,6,SF,26:21,2,5,40.0,2,2,100,0,1,0.0,1,3,4,2,1,0,2,3,6,2664,2020-12-28T01:00:00.000Z,Williams
172,8231,6,12,SF,20:21,5,10,50.0,0,0,0.0,2,3,66.7,1,0,1,2,3,0,1,0,1,2664,2020-12-30T00:00:00.000Z,Williams
173,8244,6,10,SF,18:24,4,5,80.0,1,2,50.0,1,2,50.0,0,1,1,0,4,0,2,0,-15,2664,2020-12-31T22:00:00.000Z,Williams
174,8254,6,8,SF,25:26,4,11,36.4,0,1,0.0,0,2,0.0,0,6,6,0,4,0,3,1,-11,2664,2021-01-02T01:00:00.000Z,Williams
175,8271,6,6,SF,28:24,3,8,37.5,0,0,0.0,0,1,0.0,0,5,5,1,1,3,0,2,6,2664,2021-01-04T01:00:00.000Z,Williams
176,8287,6,14,PF,24:53,5,8,62.5,2,2,100,2,2,100,1,2,3,1,2,0,2,0,-4,2664,2021-01-06T03:30:00.000Z,Williams
177,8298,6,9,SF,22:11,3,6,50.0,2,2,100,1,2,50.0,1,1,2,1,5,1,0,0,2,2664,2021-01-07T03:00:00.000Z,Williams
178,8312,6,6,SF,34:15,3,10,30.0,0,0,0.0,0,2,0.0,2,6,8,0,5,4,2,0,0,2664,2021-01-09T03:00:00.000Z,Williams
179,8323,6,17,PF,35:46,6,9,66.7,2,2,100,3,5,60.0,1,1,2,2,1,2,2,0,9,2664,2021-01-10T21:00:00.000Z,Williams
180,8365,6,14,SF,35:59,5,7,71.4,2,2,100,2,3,66.7,2,5,7,2,3,0,3,2,-7,2664,2021-01-16T01:00:00.000Z,Williams
181,7706,6,5,SF,22:35,2,5,40.0,0,0,0.0,1,1,100,0,5,5,1,4,0,1,0,0,2664,2021-01-17T20:00:00.000Z,Williams
182,7737,6,4,SF,16:04,2,7,28.6,0,1,0.0,0,2,0.0,2,4,6,0,2,0,1,0,1,2664,2021-01-23T00:00:00.000Z,Williams
183,7753,6,13,SF,30:50,5,12,41.7,1,2,50.0,2,4,50.0,4,4,8,1,2,0,1,1,-3,2664,2021-01-24T02:00:00.000Z,Williams
184,8443,6,2,SF,10:02,1,4,25.0,0,0,0.0,0,2,0.0,0,0,0,1,2,1,2,0,-20,2664,2021-01-26T02:00:00.000Z,Williams
185,7806,6,11,SF,24:18,4,7,57.1,2,2,100,1,3,33.3,0,1,1,1,0,1,1,0,-12,2664,2021-01-31T01:00:00.000Z,Williams
186,7823,6,10,SF,28:01,3,8,37.5,4,6,66.7,0,3,0.0,0,1,1,2,1,0,0,0,-1,2664,2021-02-02T01:00:00.000Z,Williams
187,8513,6,12,SF,32:10,6,12,50.0,0,1,0.0,0,3,0.0,0,7,7,1,1,1,2,0,5,2664,2021-02-04T01:00:00.000Z,Williams
188,8525,6,20,SF,33:52,7,11,63.6,6,6,100,0,1,0.0,2,5,7,1,3,2,1,1,-8,2664,2021-02-06T00:00:00.000Z,Williams
189,8534,6,16,PF,33:27,7,13,53.8,1,1,100,1,2,50.0,1,9,10,1,1,0,2,1,22,2664,2021-02-07T00:00:00.000Z,Williams
190,8549,6,10,PF,35:22,2,7,28.6,4,4,100,2,3,66.7,0,6,6,1,3,0,2,0,6,2664,2021-02-09T01:00:00.000Z,Williams
191,8566,6,7,PF,34:42,2,7,28.6,2,4,50.0,1,2,50.0,1,4,5,1,4,2,1,2,7,2664,2021-02-11T02:00:00.000Z,Williams
192,8581,6,3,PF,34:59,1,5,20.0,1,2,50.0,0,1,0.0,0,4,4,1,2,0,1,1,-19,2664,2021-02-13T01:00:00.000Z,Williams
193,8601,6,7,PF,26:31,2,10,20.0,2,2,100,1,2,50.0,2,7,9,1,0,0,3,1,-6,2664,2021-02-16T00:00:00.000Z,Williams
194,8783,6,15,PF,29:29,5,7,71.4,4,5,80.0,1,2,50.0,1,4,5,2,3,1,0,1,-10,2664,2021-02-18T01:00:00.000Z,Williams
195,7958,6,6,PF,31:23,2,5,40.0,2,2,100,0,1,0.0,0,3,3,2,2,1,3,0,-9,2664,2021-02-20T00:30:00.000Z,Williams
196,8641,6,11,PF,35:20,5,10,50.0,0,0,0.0,1,3,33.3,1,10,11,3,4,1,3,0,-1,2664,2021-02-21T02:00:00.000Z,Williams
197,8655,6,14,PF,34:12,6,8,75.0,0,0,0.0,2,4,50.0,1,6,7,1,2,1,1,1,28,2664,2021-02-23T01:00:00.000Z,Williams
198,8674,6,13,PF,27:19,5,8,62.5,2,2,100,1,2,50.0,1,3,4,2,2,2,1,1,2,2664,2021-02-25T01:00:00.000Z,Williams
199,8689,6,4,PF,33:27,2,8,25.0,0,0,0.0,0,3,0.0,2,5,7,2,0,0,1,1,-11,2664,2021-02-27T01:00:00.000Z,Williams
200,8039,6,13,PF,31:58,5,11,45.5,1,3,33.3,2,4,50.0,2,2,4,0,1,0,0,1,-23,2664,2021-03-02T01:00:00.000Z,Williams
201,8056,6,13,SF,26:11,6,7,85.7,0,0,0.0,1,2,50.0,0,4,4,1,5,0,1,3,-17,2664,2021-03-04T01:00:00.000Z,Williams
202,8800,6,4,SF,31:47,1,4,25.0,1,2,50.0,1,2,50.0,0,1,1,4,3,1,1,0,0,2664,2021-03-12T01:00:00.000Z,Williams
203,8810,6,3,SF,20:36,1,6,16.7,0,0,0.0,1,1,100,1,1,2,0,0,1,3,0,-16,2664,2021-03-13T02:00:00.000Z,Williams
204,8828,6,23,SF,26:34,9,14,64.3,4,5,80.0,1,4,25.0,2,4,6,4,4,1,0,1,9,2664,2021-03-15T01:00:00.000Z,Williams
205,8840,6,2,SF,24:18,1,9,11.1,0,0,0.0,0,2,0.0,0,3,3,0,1,0,1,1,-3,2664,2021-03-17T00:00:00.000Z,Williams
206,8130,6,10,SF,32:05,4,7,57.1,0,0,0.0,2,3,66.7,4,10,14,1,3,0,2,0,0,2664,2021-03-18T00:00:00.000Z,Williams
207,8865,6,6,SF,21:29,2,7,28.6,1,2,50.0,1,2,50.0,1,5,6,1,0,1,0,1,-4,2664,2021-03-20T01:00:00.000Z,Williams
208,8877,6,10,SF,34:01,5,5,100,0,0,0.0,0,0,0.0,0,7,7,1,3,0,2,2,9,2664,2021-03-21T23:00:00.000Z,Williams
209,8884,6,6,SF,30:35,3,6,50.0,0,0,0.0,0,2,0.0,0,4,4,1,2,1,1,1,-2,2664,2021-03-23T01:00:00.000Z,Williams
210,8180,6,5,SF,31:59,2,6,33.3,1,2,50.0,0,1,0.0,1,4,5,1,1,1,1,0,-9,2664,2021-03-25T00:00:00.000Z,Williams
211,8206,6,6,SF,19:03,3,7,42.9,0,0,0.0,0,2,0.0,1,2,3,1,0,0,2,0,-23,2664,2021-03-28T00:30:00.000Z,Williams
212,8944,6,14,SF,32:40,7,13,53.8,0,0,0.0,0,1,0.0,0,6,6,4,1,1,2,1,-3,2664,2021-03-30T02:00:00.000Z,Williams
213,8958,6,16,SG,31:30,7,11,63.6,0,0,0.0,2,3,66.7,1,2,3,1,4,1,1,1,-9,2664,2021-04-01T02:00:00.000Z,Williams
214,8971,6,8,SF,32:56,4,7,57.1,0,0,0.0,0,0,0.0,1,2,3,3,1,2,1,0,-9,2664,2021-04-03T01:00:00.000Z,Williams
215,8983,6,11,SF,30:39,4,5,80.0,2,4,50.0,1,2,50.0,1,2,3,1,0,0,0,0,0,2664,2021-04-04T18:00:00.000Z,Williams
216,8997,6,10,SF,30:41,4,8,50.0,1,1,100,1,1,100,1,2,3,2,0,4,2,0,-4,2664,2021-04-06T23:00:00.000Z,Williams
217,8031,6,11,SF,31:34,3,7,42.9,4,4,100,1,2,50.0,4,3,7,1,0,1,1,1,-13,2664,2021-04-08T23:30:00.000Z,Williams
218,9019,6,4,SF,25:48,2,4,50.0,0,0,0.0,0,1,0.0,1,1,2,0,4,2,0,0,-10,2664,2021-04-10T00:00:00.000Z,Williams
219,9040,6,0,SF,26:20,0,3,0.0,0,0,0.0,0,1,0.0,0,1,1,0,2,2,2,1,-13,2664,2021-04-12T00:00:00.000Z,Williams
220,7786,6,2,SF,27:18,1,3,33.3,0,0,0.0,0,1,0.0,2,1,3,1,0,2,2,0,-12,2664,2021-04-13T01:00:00.000Z,Williams
221,9061,6,9,SF,27:48,3,4,75.0,2,3,66.7,1,1,100,0,6,6,3,2,3,0,0,-1,2664,2021-04-15T00:00:00.000Z,Williams
222,9078,6,6,SF,29:51,3,8,37.5,0,0,0.0,0,1,0.0,0,6,6,1,1,1,0,0,-3,2664,2021-04-17T00:00:00.000Z,Williams
223,9085,6,12,SF,27:17,5,6,83.3,1,1,100,1,1,100,0,4,4,3,1,1,0,1,3,2664,2021-04-18T00:00:00.000Z,Williams
224,8378,6,6,SF,32:46,3,6,50.0,0,0,0.0,0,2,0.0,0,6,6,3,0,1,2,2,8,2664,2021-04-19T23:30:00.000Z,Williams
225,8390,6,9,SF,19:07,3,4,75.0,1,2,50.0,2,2,100,0,7,7,2,1,1,3,0,-4,2664,2021-04-21T23:00:00.000Z,Williams
226,8405,6,7,SF,23:12,3,6,50.0,1,2,50.0,0,2,0.0,1,2,3,3,1,1,1,0,7,2664,2021-04-23T01:00:00.000Z,Williams
227,8416,6,4,SF,21:31,2,6,33.3,0,0,0.0,0,1,0.0,1,3,4,1,1,0,3,0,-9,2664,2021-04-25T00:00:00.000Z,Williams
228,8431,6,8,SF,22:21,2,7,28.6,4,5,80.0,0,1,0.0,0,2,2,2,1,0,3,1,3,2664,2021-04-27T00:00:00.000Z,Williams
229,8446,6,7,PF,22:51,3,6,50.0,0,0,0.0,1,2,50.0,0,1,1,2,0,0,0,0,-19,2664,2021-04-28T23:30:00.000Z,Williams
230,8139,7,18,SG,32:38,6,9,66.7,4,4,100,2,4,50.0,0,1,1,1,2,3,4,0,13,2630,2020-12-13T00:00:00.000Z,Okoro
231,8151,7,15,SF,27:59,4,7,57.1,6,10,60.0,1,1,100,3,0,3,4,5,0,1,0,-21,2630,2020-12-14T23:00:00.000Z,Okoro
232,8160,7,10,PF,30:17,3,5,60.0,2,2,100,2,3,66.7,0,1,1,2,4,2,3,0,3,2630,2020-12-17T00:30:00.000Z,Okoro
233,8173,7,2,SF,18:57,1,5,20.0,0,0,0.0,0,3,0.0,0,2,2,2,4,0,3,0,-29,2630,2020-12-19T00:30:00.000Z,Okoro
234,7518,7,11,SF,33:31,4,5,80.0,2,2,100,1,2,50.0,0,3,3,5,1,0,2,0,7,2630,2020-12-24T00:00:00.000Z,Okoro
235,7531,7,0,SF,41:38,0,4,0.0,0,0,0.0,0,3,0.0,0,3,3,0,4,1,2,0,16,2630,2020-12-27T00:00:00.000Z,Okoro
236,8289,7,10,SG,28:00,4,5,80.0,2,2,100,0,1,0.0,0,0,0,2,3,0,0,0,-1,2630,2021-01-07T00:00:00.000Z,Okoro
237,8300,7,8,SG,39:18,3,9,33.3,1,2,50.0,1,4,25.0,2,0,2,2,2,1,2,2,-1,2630,2021-01-08T01:00:00.000Z,Okoro
238,8318,7,4,SG,33:33,2,9,22.2,0,4,0.0,0,1,0.0,0,2,2,1,4,0,1,0,-22,2630,2021-01-10T01:00:00.000Z,Okoro
239,8331,7,12,SG,39:59,5,11,45.5,0,0,0.0,2,3,66.7,1,1,2,1,2,3,4,0,-13,2630,2021-01-12T00:00:00.000Z,Okoro
240,8340,7,11,SG,35:32,4,13,30.8,1,2,50.0,2,6,33.3,2,1,3,3,3,2,1,0,-28,2630,2021-01-13T00:30:00.000Z,Okoro
241,8362,7,13,SG,41:43,4,8,50.0,4,4,100,1,3,33.3,1,1,2,4,0,2,2,2,5,2630,2021-01-16T00:30:00.000Z,Okoro
242,7724,7,8,PG,43:17,3,9,33.3,0,0,0.0,2,4,50.0,3,0,3,2,6,1,2,0,-14,2630,2021-01-21T00:00:00.000Z,Okoro
243,7740,7,8,PG,31:28,3,5,60.0,2,4,50.0,0,2,0.0,2,2,4,1,3,1,0,0,9,2630,2021-01-23T00:30:00.000Z,Okoro
244,7758,7,6,SG,29:19,1,6,16.7,4,6,66.7,0,2,0.0,0,1,1,0,1,3,2,1,-39,2630,2021-01-25T00:00:00.000Z,Okoro
245,8442,7,9,SG,34:01,3,8,37.5,2,2,100,1,3,33.3,2,2,4,0,4,2,0,0,-8,2630,2021-01-26T01:00:00.000Z,Okoro
246,7780,7,10,PF,37:19,3,5,60.0,3,3,100,1,3,33.3,1,1,2,6,4,2,1,0,1,2630,2021-01-28T00:00:00.000Z,Okoro
247,7799,7,5,PF,32:25,1,4,25.0,3,4,75.0,0,1,0.0,1,2,3,2,4,0,2,0,2,2630,2021-01-30T00:30:00.000Z,Okoro
248,7819,7,13,SF,32:10,6,10,60.0,0,0,0.0,1,3,33.3,1,1,2,4,1,0,0,0,4,2630,2021-02-01T01:00:00.000Z,Okoro
249,7820,7,4,PF,32:32,2,4,50.0,0,0,0.0,0,0,0.0,0,1,1,1,1,1,3,1,14,2630,2021-02-02T01:00:00.000Z,Okoro
250,8509,7,2,SF,27:35,1,5,20.0,0,0,0.0,0,1,0.0,0,2,2,0,2,2,0,0,-24,2630,2021-02-04T01:00:00.000Z,Okoro
251,8527,7,10,SF,31:29,4,8,50.0,0,2,0.0,2,5,40.0,1,2,3,0,2,2,0,2,-11,2630,2021-02-06T00:30:00.000Z,Okoro
252,8538,7,2,SF,29:12,0,5,0.0,2,2,100,0,3,0.0,0,5,5,1,2,0,2,0,-20,2630,2021-02-07T01:00:00.000Z,Okoro
253,8553,7,11,SF,25:01,3,7,42.9,3,4,75.0,2,5,40.0,0,0,0,2,4,0,0,0,-20,2630,2021-02-09T02:00:00.000Z,Okoro
254,8569,7,10,SF,29:57,5,12,41.7,0,0,0.0,0,3,0.0,1,0,1,2,4,0,1,0,-22,2630,2021-02-11T02:00:00.000Z,Okoro
255,8585,7,0,SF,27:00,0,1,0.0,0,0,0.0,0,0,0.0,1,1,2,1,4,1,0,0,-9,2630,2021-02-13T03:00:00.000Z,Okoro
256,8600,7,10,PF,29:56,4,9,44.4,2,3,66.7,0,3,0.0,0,3,3,2,4,1,2,1,-8,2630,2021-02-15T03:00:00.000Z,Okoro
257,8605,7,2,PF,26:04,1,8,12.5,0,0,0.0,0,3,0.0,2,2,4,3,4,2,4,1,-12,2630,2021-02-16T03:00:00.000Z,Okoro
258,8782,7,14,PF,34:13,5,10,50.0,1,2,50.0,3,6,50.0,1,2,3,2,3,1,5,1,-8,2630,2021-02-20T00:00:00.000Z,Okoro
259,8647,7,12,PF,39:18,4,12,33.3,0,0,0.0,4,11,36.4,2,3,5,1,4,3,1,0,-11,2630,2021-02-22T00:00:00.000Z,Okoro
260,8661,7,8,SF,37:03,3,6,50.0,1,1,100,1,2,50.0,1,4,5,3,3,0,1,3,-6,2630,2021-02-24T00:00:00.000Z,Okoro
261,8672,7,10,SF,26:59,4,6,66.7,0,0,0.0,2,2,100,0,2,2,0,3,0,1,1,7,2630,2021-02-25T00:30:00.000Z,Okoro
262,8694,7,15,SF,34:24,6,9,66.7,2,3,66.7,1,2,50.0,5,3,8,3,6,3,0,0,-1,2630,2021-02-28T00:00:00.000Z,Okoro
263,8040,7,5,SF,33:20,2,8,25.0,0,0,0.0,1,6,16.7,0,1,1,2,3,1,2,1,19,2630,2021-03-02T02:00:00.000Z,Okoro
264,8724,7,7,SF,32:33,3,4,75.0,1,1,100,0,0,0.0,0,2,2,2,4,1,3,0,2,2630,2021-03-04T00:00:00.000Z,Okoro
265,8809,7,2,SG,28:42,1,8,12.5,0,0,0.0,0,2,0.0,0,0,0,1,3,0,1,0,-27,2630,2021-03-13T01:00:00.000Z,Okoro
266,8825,7,6,SF,24:40,3,8,37.5,0,0,0.0,0,4,0.0,2,3,5,1,3,0,0,0,-21,2630,2021-03-14T23:30:00.000Z,Okoro
267,8838,7,10,SF,30:20,4,6,66.7,0,0,0.0,2,2,100,1,2,3,1,1,0,1,1,-13,2630,2021-03-17T00:00:00.000Z,Okoro
268,8129,7,15,SF,35:07,5,10,50.0,5,5,100,0,1,0.0,1,3,4,2,4,0,1,0,9,2630,2021-03-18T00:00:00.000Z,Okoro
269,8616,7,4,SF,21:51,1,4,25.0,1,4,25.0,1,1,100,0,2,2,1,4,1,0,0,-12,2630,2021-03-19T23:30:00.000Z,Okoro
270,8876,7,8,SF,30:22,3,6,50.0,0,0,0.0,2,5,40.0,1,6,7,5,1,2,6,1,8,2630,2021-03-21T23:00:00.000Z,Okoro
271,8881,7,6,SF,28:25,2,6,33.3,2,2,100,0,1,0.0,2,0,2,0,0,2,0,0,-18,2630,2021-03-22T23:30:00.000Z,Okoro
272,8180,7,12,SG,29:02,5,7,71.4,1,1,100,1,2,50.0,0,3,3,2,0,2,1,1,10,2630,2021-03-25T00:00:00.000Z,Okoro
273,8202,7,6,SG,25:30,2,3,66.7,2,2,100,0,0,0.0,0,1,1,2,2,1,3,0,-7,2630,2021-03-27T02:30:00.000Z,Okoro
274,8211,7,2,PF,32:57,1,7,14.3,0,0,0.0,0,3,0.0,0,2,2,2,2,0,2,0,-10,2630,2021-03-28T02:00:00.000Z,Okoro
275,8943,7,5,SF,27:47,1,9,11.1,3,5,60.0,0,6,0.0,0,3,3,0,3,0,1,0,-24,2630,2021-03-30T01:00:00.000Z,Okoro
276,8959,7,9,SF,28:11,4,4,100,1,3,33.3,0,0,0.0,0,5,5,1,3,1,1,0,-4,2630,2021-04-01T23:00:00.000Z,Okoro
277,8977,7,17,SF,35:49,5,7,71.4,5,7,71.4,2,2,100,0,3,3,0,1,1,2,1,-18,2630,2021-04-04T00:00:00.000Z,Okoro
278,8995,7,11,SF,28:20,4,6,66.7,0,0,0.0,3,3,100,0,3,3,1,4,0,1,0,16,2630,2021-04-05T23:00:00.000Z,Okoro
279,9013,7,15,SF,35:09,6,13,46.2,1,1,100,2,6,33.3,1,0,1,2,1,1,1,0,24,2630,2021-04-09T00:00:00.000Z,Okoro
280,9022,7,2,SF,26:15,1,3,33.3,0,0,0.0,0,1,0.0,3,2,5,3,3,0,0,1,0,2630,2021-04-10T23:30:00.000Z,Okoro
281,9035,7,19,SG,29:59,6,10,60.0,5,5,100,2,4,50.0,2,1,3,3,2,1,0,0,-3,2630,2021-04-11T23:00:00.000Z,Okoro
282,9057,7,7,SG,31:31,2,8,25.0,3,3,100,0,2,0.0,1,4,5,3,1,2,0,1,2,2630,2021-04-14T23:00:00.000Z,Okoro
283,9069,7,6,SF,33:36,3,8,37.5,0,0,0.0,0,2,0.0,1,0,1,2,2,3,1,0,3,2630,2021-04-16T00:00:00.000Z,Okoro
284,9085,7,13,SF,31:23,5,7,71.4,1,1,100,2,4,50.0,0,1,1,1,1,1,0,0,-6,2630,2021-04-18T00:00:00.000Z,Okoro
285,8377,7,6,SF,32:10,2,9,22.2,2,2,100,0,4,0.0,1,2,3,0,5,0,2,1,-11,2630,2021-04-19T23:00:00.000Z,Okoro
286,8390,7,8,SF,27:40,4,9,44.4,0,0,0.0,0,1,0.0,1,0,1,1,2,1,1,0,19,2630,2021-04-21T23:00:00.000Z,Okoro
287,8409,7,3,SF,34:08,1,6,16.7,0,0,0.0,1,3,33.3,4,1,5,4,4,0,1,0,-4,2630,2021-04-24T00:00:00.000Z,Okoro
288,7705,7,10,SG,27:28,3,7,42.9,4,6,66.7,0,2,0.0,1,1,2,2,5,0,1,0,-5,2630,2021-04-25T23:00:00.000Z,Okoro
289,8430,7,20,SG,32:10,8,16,50.0,3,4,75.0,1,8,12.5,2,4,6,0,0,0,1,0,-17,2630,2021-04-26T23:30:00.000Z,Okoro
290,9161,7,15,SG,36:30,4,12,33.3,6,6,100,1,4,25.0,3,2,5,2,2,4,0,0,-5,2630,2021-04-28T23:00:00.000Z,Okoro
291,8133,1,,,,,,,,,,,,,,,,,,,,,,2629,2020-12-12T00:00:00.000Z,Okongwu
292,8145,1,,,,,,,,,,,,,,,,,,,,,,2629,2020-12-13T22:00:00.000Z,Okongwu
293,8167,1,,,,,,,,,,,,,,,,,,,,,,2629,2020-12-18T01:00:00.000Z,Okongwu
294,7508,1,,,,,,,,,,,,,,,,,,,,,,2629,2020-12-20T01:00:00.000Z,Okongwu
295,8367,1,4,,14:18,2,6,33.3,0,0,0.0,0,0,0.0,3,2,5,2,1,1,2,0,1,2629,2021-01-16T02:00:00.000Z,Okongwu
296,7703,1,0,,0:00,0,0,0.0,0,0,0.0,0,0,0.0,0,0,0,0,0,0,0,0,0,2629,2021-01-17T03:00:00.000Z,Okongwu
297,7713,1,0,,0:00,0,0,0.0,0,0,0.0,0,0,0.0,0,0,0,0,0,0,0,0,0,2629,2021-01-18T19:30:00.000Z,Okongwu
298,7727,1,2,,13:41,1,3,33.3,0,0,0.0,0,0,0.0,1,5,6,0,0,0,0,3,-11,2629,2021-01-21T00:30:00.000Z,Okongwu
299,7744,1,2,,4:28,1,1,100,0,0,0.0,0,0,0.0,0,1,1,0,0,0,1,0,-1,2629,2021-01-23T01:00:00.000Z,Okongwu
300,7762,1,4,C,15:46,2,2,100,0,2,0.0,0,0,0.0,1,1,2,0,4,1,0,3,-6,2629,2021-01-25T01:00:00.000Z,Okongwu
301,7776,1,0,,0:00,0,0,0.0,0,0,0.0,0,0,0.0,0,0,0,0,0,0,0,0,0,2629,2021-01-27T00:30:00.000Z,Okongwu
302,7782,1,0,,0:00,0,0,0.0,0,0,0.0,0,0,0.0,0,0,0,0,0,0,0,0,0,2629,2021-01-28T00:30:00.000Z,Okongwu
303,7798,1,6,,11:20,2,3,66.7,2,3,66.7,0,0,0.0,0,4,4,0,2,0,0,0,0,2629,2021-01-30T00:00:00.000Z,Okongwu
304,8511,1,,,,,,,,,,,,,,,,,,,,,,2629,2021-02-04T00:30:00.000Z,Okongwu
305,8537,1,3,,7:56,1,2,50.0,1,3,33.3,0,0,0.0,0,2,2,0,4,0,0,0,-3,2629,2021-02-07T01:00:00.000Z,Okongwu
306,8565,1,0,,5:54,0,1,0.0,0,0,0.0,0,0,0.0,1,0,1,0,2,0,1,0,-13,2629,2021-02-11T00:30:00.000Z,Okongwu
307,8578,1,6,,15:58,1,1,100,4,4,100,0,0,0.0,0,3,3,2,2,2,1,0,26,2629,2021-02-13T00:30:00.000Z,Okongwu
308,8588,1,0,,0:00,0,0,0.0,0,0,0.0,0,0,0.0,0,0,0,0,0,0,0,0,0,2629,2021-02-14T00:30:00.000Z,Okongwu
309,8603,1,0,,3:21,0,0,0.0,0,0,0.0,0,0,0.0,0,1,1,0,0,0,0,0,-2,2629,2021-02-16T00:30:00.000Z,Okongwu
310,8619,1,0,,0:00,0,0,0.0,0,0,0.0,0,0,0.0,0,0,0,0,0,0,0,0,0,2629,2021-02-18T00:30:00.000Z,Okongwu
311,7959,1,0,,0:00,0,0,0.0,0,0,0.0,0,0,0.0,0,0,0,0,0,0,0,0,0,2629,2021-02-20T00:30:00.000Z,Okongwu
312,8651,1,9,,13:37,4,7,57.1,1,1,100,0,1,0.0,0,2,2,0,2,0,0,1,3,2629,2021-02-22T00:30:00.000Z,Okongwu
313,8661,1,0,,10:10,0,1,0.0,0,0,0.0,0,0,0.0,0,0,0,0,2,1,1,0,-10,2629,2021-02-24T00:00:00.000Z,Okongwu
314,8671,1,5,,11:55,2,3,66.7,1,2,50.0,0,0,0.0,2,2,4,0,0,0,0,0,-2,2629,2021-02-25T00:30:00.000Z,Okongwu
315,8691,1,4,,4:24,2,2,100,0,0,0.0,0,0,0.0,0,0,0,0,1,0,0,0,-2,2629,2021-02-27T01:00:00.000Z,Okongwu
316,8030,1,0,,3:22,0,0,0.0,0,0,0.0,0,0,0.0,1,0,1,1,1,0,0,0,-4,2629,2021-03-01T01:00:00.000Z,Okongwu
317,8046,1,6,,10:02,3,3,100,0,0,0.0,0,0,0.0,1,2,3,0,2,1,0,0,8,2629,2021-03-03T00:30:00.000Z,Okongwu
318,8725,1,0,,13:01,0,2,0.0,0,0,0.0,0,0,0.0,2,2,4,0,3,0,2,0,-4,2629,2021-03-04T01:00:00.000Z,Okongwu
319,8798,1,2,,10:38,1,1,100,0,0,0.0,0,0,0.0,1,1,2,0,1,1,0,3,6,2629,2021-03-12T00:30:00.000Z,Okongwu
320,8818,1,4,,9:36,2,2,100,0,0,0.0,0,0,0.0,1,4,5,0,2,0,0,0,-4,2629,2021-03-14T00:30:00.000Z,Okongwu
321,8854,1,0,,4:08,0,0,0.0,0,0,0.0,0,0,0.0,0,0,0,0,0,0,0,1,1,2629,2021-03-18T23:30:00.000Z,Okongwu
322,8868,1,0,,3:24,0,1,0.0,0,0,0.0,0,0,0.0,1,0,1,0,2,0,1,0,-5,2629,2021-03-20T19:30:00.000Z,Okongwu
323,8888,1,4,,3:43,2,3,66.7,0,0,0.0,0,0,0.0,1,0,1,0,0,0,0,0,4,2629,2021-03-23T02:00:00.000Z,Okongwu
324,8186,1,0,,3:28,0,0,0.0,0,0,0.0,0,0,0.0,0,1,1,0,1,0,0,0,2,2629,2021-03-25T02:00:00.000Z,Okongwu
325,8201,1,2,,8:57,1,2,50.0,0,0,0.0,0,0,0.0,0,2,2,0,2,0,0,0,-6,2629,2021-03-27T02:00:00.000Z,Okongwu
326,8214,1,1,,11:55,0,0,0.0,1,2,50.0,0,0,0.0,0,3,3,0,1,1,0,2,-5,2629,2021-03-29T01:00:00.000Z,Okongwu
327,8352,1,2,,5:38,1,1,100,0,0,0.0,0,0,0.0,1,1,2,0,1,0,0,0,-9,2629,2021-03-31T02:00:00.000Z,Okongwu
328,8963,1,10,,12:28,4,6,66.7,2,4,50.0,0,0,0.0,2,3,5,0,2,0,1,1,0,2629,2021-04-02T00:30:00.000Z,Okongwu
329,8970,1,11,,19:18,5,6,83.3,1,2,50.0,0,0,0.0,3,6,9,0,3,2,2,1,3,2629,2021-04-03T01:00:00.000Z,Okongwu
330,8987,1,7,,15:40,1,2,50.0,5,7,71.4,0,0,0.0,1,5,6,1,3,1,1,0,6,2629,2021-04-04T23:30:00.000Z,Okongwu
331,8998,1,7,,19:41,2,4,50.0,3,6,50.0,0,0,0.0,2,1,3,0,5,1,1,2,-15,2629,2021-04-06T23:30:00.000Z,Okongwu
332,9008,1,13,C,32:19,6,12,50.0,1,2,50.0,0,0,0.0,6,5,11,1,3,0,0,2,-10,2629,2021-04-08T00:00:00.000Z,Okongwu
333,9019,1,6,,10:55,3,3,100,0,0,0.0,0,0,0.0,1,4,5,0,4,0,0,0,0,2629,2021-04-10T00:00:00.000Z,Okongwu
334,9033,1,3,,12:27,1,2,50.0,1,2,50.0,0,0,0.0,1,3,4,0,2,1,1,0,-12,2629,2021-04-11T17:00:00.000Z,Okongwu
335,9052,1,7,,13:10,3,4,75.0,1,1,100,0,0,0.0,0,0,0,1,4,1,0,0,2,2629,2021-04-13T23:30:00.000Z,Okongwu
336,9068,1,8,,9:15,4,4,100,0,0,0.0,0,0,0.0,0,2,2,0,3,0,0,1,-10,2629,2021-04-15T23:30:00.000Z,Okongwu
337,9089,1,2,,7:26,0,1,0.0,2,2,100,0,0,0.0,1,0,1,0,2,0,0,2,-13,2629,2021-04-18T17:00:00.000Z,Okongwu
338,8385,1,0,,15:55,0,2,0.0,0,0,0.0,0,0,0.0,3,2,5,0,2,1,0,0,8,2629,2021-04-20T23:30:00.000Z,Okongwu
339,8395,1,4,,8:05,2,2,100,0,0,0.0,0,0,0.0,1,0,1,0,2,0,0,1,-10,2629,2021-04-22T00:00:00.000Z,Okongwu
340,8407,1,6,C,28:12,2,4,50.0,2,2,100,0,1,0.0,2,5,7,1,5,1,3,1,-2,2629,2021-04-23T23:30:00.000Z,Okongwu
341,8422,1,0,,9:40,0,3,0.0,0,0,0.0,0,0,0.0,1,0,1,0,2,0,0,0,-5,2629,2021-04-25T23:30:00.000Z,Okongwu
342,8425,1,6,,13:25,3,3,100,0,0,0.0,0,0,0.0,0,3,3,0,3,1,2,1,3,2629,2021-04-26T23:00:00.000Z,Okongwu
343,9162,1,0,,16:06,0,0,0.0,0,0,0.0,0,0,0.0,1,0,1,1,1,1,2,1,-23,2629,2021-04-28T23:00:00.000Z,Okongwu
344,8134,10,5,PG,21:05,2,7,28.6,1,1,100,0,3,0.0,0,4,4,3,1,2,7,0,-5,2599,2020-12-12T00:00:00.000Z,Hayes
345,8147,10,6,PG,25:24,2,11,18.2,1,2,50.0,1,6,16.7,1,4,5,4,0,1,1,0,7,2599,2020-12-14T00:00:00.000Z,Hayes
346,8165,10,9,PG,19:02,2,6,33.3,4,4,100,1,3,33.3,0,0,0,1,2,1,3,0,7,2599,2020-12-18T00:00:00.000Z,Hayes
347,7507,10,11,PG,21:15,4,11,36.4,1,1,100,2,6,33.3,0,3,3,2,4,2,1,0,0,2599,2020-12-20T00:00:00.000Z,Hayes
348,7526,10,7,PG,21:12,3,6,50.0,0,0,0.0,1,2,50.0,0,1,1,3,2,0,4,0,-3,2599,2020-12-24T01:00:00.000Z,Hayes
349,7531,10,3,PG,19:30,1,7,14.3,1,2,50.0,0,3,0.0,0,3,3,2,2,0,2,0,-5,2599,2020-12-27T00:00:00.000Z,Hayes
350,8222,10,10,PG,29:23,4,12,33.3,0,0,0.0,2,6,33.3,1,1,2,8,4,2,2,0,-3,2599,2020-12-29T00:30:00.000Z,Hayes
351,8228,10,0,PG,16:57,0,4,0.0,0,0,0.0,0,2,0.0,0,0,0,1,0,0,2,0,-9,2599,2020-12-30T00:00:00.000Z,Hayes
352,8251,10,0,PG,23:24,0,5,0.0,0,0,0.0,0,2,0.0,0,1,1,6,2,0,2,0,-2,2599,2021-01-02T00:00:00.000Z,Hayes
353,8266,10,5,PG,24:00,2,5,40.0,0,0,0.0,1,2,50.0,0,1,1,4,4,0,2,0,-3,2599,2021-01-03T20:00:00.000Z,Hayes
354,8280,10,7,PG,13:24,3,7,42.9,0,0,0.0,1,3,33.3,0,0,0,1,1,0,3,0,-13,2599,2021-01-05T01:00:00.000Z,Hayes
355,8976,10,0,,19:55,0,3,0.0,0,0,0.0,0,1,0.0,0,5,5,3,2,0,1,0,-26,2599,2021-04-04T00:00:00.000Z,Hayes
356,8994,10,9,,25:06,4,9,44.4,0,0,0.0,1,4,25.0,1,2,3,7,2,4,3,2,3,2599,2021-04-05T23:00:00.000Z,Hayes
357,9017,10,11,,20:58,5,7,71.4,0,0,0.0,1,2,50.0,0,3,3,2,1,0,2,1,12,2599,2021-04-09T02:00:00.000Z,Hayes
358,9032,10,2,,16:31,0,3,0.0,2,2,100,0,0,0.0,0,3,3,1,0,1,4,1,-15,2599,2021-04-11T02:00:00.000Z,Hayes
359,9060,10,8,,25:01,4,10,40.0,0,0,0.0,0,3,0.0,1,2,3,6,2,1,1,0,-11,2599,2021-04-15T00:00:00.000Z,Hayes
360,9073,10,9,PG,26:45,3,10,30.0,2,2,100,1,2,50.0,0,4,4,7,2,5,2,1,11,2599,2021-04-16T23:00:00.000Z,Hayes
361,8377,10,12,PG,33:22,5,8,62.5,2,2,100,0,1,0.0,1,2,3,9,3,1,5,0,3,2599,2021-04-19T23:00:00.000Z,Hayes
362,8404,10,12,PG,30:38,5,15,33.3,1,1,100,1,4,25.0,0,0,0,5,2,1,4,1,-10,2599,2021-04-23T00:30:00.000Z,Hayes
363,8415,10,0,,18:18,0,1,0.0,0,0,0.0,0,0,0.0,0,2,2,5,1,0,5,0,1,2599,2021-04-24T23:00:00.000Z,Hayes
364,8425,10,2,,23:12,1,5,20.0,0,0,0.0,0,0,0.0,1,3,4,5,4,3,3,0,11,2599,2021-04-26T23:00:00.000Z,Hayes
365,8452,10,2,PG,29:59,1,6,16.7,0,0,0.0,0,2,0.0,0,1,1,11,2,2,3,0,-7,2599,2021-04-29T23:00:00.000Z,Hayes
366,8134,24,11,,20:00,4,9,44.4,3,5,60.0,0,2,0.0,2,5,7,1,4,0,1,1,0,2658,2020-12-12T00:00:00.000Z,Toppin
367,8147,24,4,,23:51,1,9,11.1,1,2,50.0,1,6,16.7,1,3,4,1,2,1,2,0,-8,2658,2020-12-14T00:00:00.000Z,Toppin
368,8160,24,8,,30:50,4,6,66.7,0,0,0.0,0,2,0.0,0,7,7,0,0,1,1,0,16,2658,2020-12-17T00:30:00.000Z,Toppin
369,8173,24,6,,26:51,2,5,40.0,2,2,100,0,1,0.0,0,6,6,4,3,0,2,0,-1,2658,2020-12-19T00:30:00.000Z,Toppin
370,7519,24,9,,23:33,3,12,25.0,0,0,0.0,3,7,42.9,0,3,3,1,0,0,0,2,-4,2658,2020-12-24T00:00:00.000Z,Toppin
371,8349,24,0,,0:57,0,0,0.0,0,0,0.0,0,0,0.0,0,0,0,0,0,0,0,0,-2,2658,2021-01-14T00:30:00.000Z,Toppin
372,8362,24,2,,9:57,0,2,0.0,2,2,100,0,1,0.0,1,3,4,2,1,1,1,0,-2,2658,2021-01-16T00:30:00.000Z,Toppin
373,7704,24,12,,16:57,5,8,62.5,0,0,0.0,2,4,50.0,0,5,5,0,0,1,1,1,1,2658,2021-01-17T18:00:00.000Z,Toppin
374,7711,24,2,,8:36,1,3,33.3,0,0,0.0,0,2,0.0,0,1,1,1,1,0,0,0,-8,2658,2021-01-18T17:00:00.000Z,Toppin
375,7736,24,5,,11:47,2,4,50.0,1,2,50.0,0,0,0.0,0,4,4,1,2,0,1,2,1,2658,2021-01-22T03:00:00.000Z,Toppin
376,7749,24,6,,12:07,3,7,42.9,0,1,0.0,0,2,0.0,2,3,5,1,1,0,1,0,-4,2658,2021-01-23T03:00:00.000Z,Toppin
377,7764,24,4,,15:03,2,5,40.0,0,0,0.0,0,2,0.0,0,3,3,0,1,0,1,0,-1,2658,2021-01-25T03:00:00.000Z,Toppin
378,7778,24,4,,13:00,2,2,100,0,0,0.0,0,0,0.0,0,2,2,0,0,0,1,0,0,2658,2021-01-27T02:00:00.000Z,Toppin
379,7799,24,5,,12:51,2,4,50.0,0,0,0.0,1,3,33.3,0,3,3,1,0,0,0,1,7,2658,2021-01-30T00:30:00.000Z,Toppin
380,7816,24,2,,12:52,0,2,0.0,2,2,100,0,2,0.0,0,1,1,0,1,0,1,0,3,2658,2021-01-31T18:00:00.000Z,Toppin
381,7823,24,4,,8:46,1,1,100,2,2,100,0,0,0.0,0,0,0,1,2,0,1,0,1,2658,2021-02-02T01:00:00.000Z,Toppin
382,8513,24,5,,9:40,2,4,50.0,0,0,0.0,1,2,50.0,0,1,1,0,2,0,0,0,-10,2658,2021-02-04T01:00:00.000Z,Toppin
383,8532,24,2,,9:17,1,2,50.0,0,0,0.0,0,1,0.0,0,3,3,0,1,0,0,0,0,2658,2021-02-06T18:00:00.000Z,Toppin
384,8545,24,7,,9:57,3,6,50.0,0,0,0.0,1,3,33.3,1,3,4,0,0,1,1,0,5,2658,2021-02-07T18:00:00.000Z,Toppin
385,8557,24,4,,11:20,2,3,66.7,0,1,0.0,0,0,0.0,1,0,1,0,1,0,0,0,2,2658,2021-02-10T00:30:00.000Z,Toppin
386,8577,24,8,,15:34,4,5,80.0,0,0,0.0,0,1,0.0,0,3,3,1,1,0,1,1,1,2658,2021-02-13T00:00:00.000Z,Toppin
387,8589,24,11,,14:46,5,9,55.6,0,0,0.0,1,4,25.0,0,3,3,0,2,0,0,1,16,2658,2021-02-14T01:00:00.000Z,Toppin
388,8603,24,3,,11:18,1,2,50.0,0,0,0.0,1,1,100,0,2,2,0,1,0,0,0,-9,2658,2021-02-16T00:30:00.000Z,Toppin
389,8617,24,3,,11:45,1,2,50.0,0,0,0.0,1,2,50.0,0,0,0,0,0,1,0,1,-17,2658,2021-02-18T00:00:00.000Z,Toppin
390,8650,24,2,,8:57,1,3,33.3,0,0,0.0,0,1,0.0,2,1,3,2,1,0,0,0,-7,2658,2021-02-22T00:00:00.000Z,Toppin
391,8664,24,7,,13:06,3,3,100,0,0,0.0,1,1,100,0,2,2,0,0,1,0,1,12,2658,2021-02-24T00:30:00.000Z,Toppin
392,8681,24,3,,17:11,1,3,33.3,1,2,50.0,0,1,0.0,0,3,3,0,3,1,1,0,10,2658,2021-02-26T00:30:00.000Z,Toppin
393,8023,24,2,,6:00,0,1,0.0,2,2,100,0,0,0.0,0,1,1,0,1,0,0,0,3,2658,2021-02-28T01:00:00.000Z,Toppin
394,8029,24,4,,18:38,2,5,40.0,0,0,0.0,0,1,0.0,1,3,4,1,4,1,1,0,4,2658,2021-03-01T01:00:00.000Z,Toppin
395,8722,24,7,,26:17,3,7,42.9,0,0,0.0,1,3,33.3,0,4,4,3,0,1,2,0,-19,2658,2021-03-03T01:30:00.000Z,Toppin
396,8785,24,4,,11:39,2,2,100,0,0,0.0,0,0,0.0,1,1,2,0,2,0,1,0,1,2658,2021-03-05T00:30:00.000Z,Toppin
397,8801,24,10,,19:26,4,5,80.0,1,1,100,1,1,100,3,2,5,0,2,0,3,0,-14,2658,2021-03-12T01:00:00.000Z,Toppin
398,8814,24,4,,8:53,2,3,66.7,0,0,0.0,0,0,0.0,2,0,2,1,2,0,0,0,3,2658,2021-03-13T19:00:00.000Z,Toppin
399,8832,24,0,,3:43,0,2,0.0,0,0,0.0,0,1,0.0,1,0,1,0,1,0,0,0,-12,2658,2021-03-16T00:00:00.000Z,Toppin
400,8839,24,0,,7:25,0,1,0.0,0,0,0.0,0,0,0.0,1,1,2,0,0,0,1,0,-4,2658,2021-03-17T00:00:00.000Z,Toppin
401,8855,24,0,,8:22,0,3,0.0,0,0,0.0,0,0,0.0,0,0,0,0,0,0,0,0,-8,2658,2021-03-18T23:30:00.000Z,Toppin
402,8878,24,0,,6:51,0,0,0.0,0,0,0.0,0,0,0.0,0,0,0,0,0,0,0,0,-7,2658,2021-03-22T00:00:00.000Z,Toppin
403,8890,24,0,,8:20,0,2,0.0,0,0,0.0,0,1,0.0,0,1,1,0,2,0,0,0,-3,2658,2021-03-23T23:30:00.000Z,Toppin
404,8188,24,0,,11:08,0,0,0.0,0,0,0.0,0,0,0.0,0,1,1,1,1,2,0,1,4,2658,2021-03-25T23:30:00.000Z,Toppin
405,8204,24,6,,7:09,3,4,75.0,0,0,0.0,0,1,0.0,0,0,0,0,0,0,0,0,-4,2658,2021-03-28T00:00:00.000Z,Toppin
406,8219,24,3,,12:07,1,4,25.0,1,2,50.0,0,2,0.0,0,4,4,1,1,0,0,0,6,2658,2021-03-29T23:30:00.000Z,Toppin
407,8954,24,3,,8:45,1,2,50.0,0,0,0.0,1,2,50.0,0,0,0,2,1,0,0,0,4,2658,2021-04-01T00:00:00.000Z,Toppin
408,8967,24,9,,10:56,4,5,80.0,1,1,100,0,1,0.0,1,1,2,0,2,1,1,0,5,2658,2021-04-02T23:30:00.000Z,Toppin
409,8976,24,8,,15:51,3,8,37.5,0,0,0.0,2,4,50.0,0,2,2,1,2,0,0,0,19,2658,2021-04-04T00:00:00.000Z,Toppin
410,8990,24,5,,9:23,2,3,66.7,0,0,0.0,1,2,50.0,0,0,0,1,0,0,0,0,-2,2658,2021-04-05T23:00:00.000Z,Toppin
411,9006,24,2,,10:37,1,3,33.3,0,0,0.0,0,2,0.0,0,1,1,0,1,1,0,0,7,2658,2021-04-07T23:30:00.000Z,Toppin
412,9021,24,8,,14:49,3,5,60.0,2,2,100,0,2,0.0,1,5,6,1,1,0,0,0,4,2658,2021-04-09T23:30:00.000Z,Toppin
413,9037,24,2,,5:00,1,2,50.0,0,0,0.0,0,0,0.0,1,2,3,0,1,0,0,0,-2,2658,2021-04-12T00:00:00.000Z,Toppin
414,9043,24,3,,9:21,1,2,50.0,1,2,50.0,0,1,0.0,0,2,2,0,1,0,1,0,4,2658,2021-04-12T23:30:00.000Z,Toppin
415,9063,24,0,,5:45,0,1,0.0,0,0,0.0,0,1,0.0,0,1,1,0,0,0,0,0,4,2658,2021-04-15T00:00:00.000Z,Toppin
416,9082,24,0,,7:22,0,0,0.0,0,0,0.0,0,0,0.0,0,4,4,0,0,0,0,0,9,2658,2021-04-17T01:30:00.000Z,Toppin
417,9090,24,0,,5:46,0,1,0.0,0,0,0.0,0,1,0.0,0,2,2,0,0,0,0,0,-4,2658,2021-04-18T17:00:00.000Z,Toppin
418,8386,24,2,,5:04,1,2,50.0,0,0,0.0,0,1,0.0,0,1,1,0,0,0,0,0,-4,2658,2021-04-20T23:30:00.000Z,Toppin
419,8395,24,2,,12:11,1,1,100,0,0,0.0,0,0,0.0,1,5,6,1,0,0,0,0,10,2658,2021-04-22T00:00:00.000Z,Toppin
420,8413,24,9,,8:38,3,5,60.0,0,0,0.0,3,4,75.0,1,1,2,0,1,0,0,0,10,2658,2021-04-24T17:00:00.000Z,Toppin
421,8429,24,6,,9:57,3,5,60.0,0,0,0.0,0,1,0.0,1,2,3,0,0,1,0,0,1,2658,2021-04-26T23:30:00.000Z,Toppin
422,8446,24,4,,10:47,2,4,50.0,0,0,0.0,0,1,0.0,1,0,1,0,0,0,0,0,-1,2658,2021-04-28T23:30:00.000Z,Toppin
423,8146,41,15,SF,24:25,6,6,100,0,0,0.0,3,3,100,1,3,4,2,2,0,1,0,6,2564,2020-12-13T23:00:00.000Z,Avdija
424,8165,41,7,,32:04,3,8,37.5,1,3,33.3,0,4,0.0,0,5,5,3,1,2,3,0,-7,2564,2020-12-18T00:00:00.000Z,Avdija
425,7507,41,9,SF,31:38,3,8,37.5,1,2,50.0,2,4,50.0,0,10,10,2,2,3,1,0,6,2564,2020-12-20T00:00:00.000Z,Avdija
426,7521,41,7,PF,28:06,2,2,100,1,2,50.0,2,2,100,0,4,4,1,3,1,1,0,14,2564,2020-12-24T00:00:00.000Z,Avdija
427,7532,41,5,PF,14:40,2,2,100,0,1,0.0,1,1,100,0,3,3,2,4,0,0,0,-7,2564,2020-12-27T00:00:00.000Z,Avdija
428,7541,41,9,PF,36:11,4,11,36.4,0,0,0.0,1,5,20.0,2,7,9,3,1,2,1,0,13,2564,2020-12-28T00:00:00.000Z,Avdija
429,8231,41,9,PF,26:19,3,6,50.0,0,0,0.0,3,5,60.0,0,4,4,4,5,2,1,1,-5,2564,2020-12-30T00:00:00.000Z,Avdija
430,8244,41,6,SF,24:32,2,5,40.0,2,2,100,0,3,0.0,1,3,4,3,1,0,0,0,5,2564,2020-12-31T22:00:00.000Z,Avdija
431,8255,41,11,SF,27:14,4,7,57.1,0,0,0.0,3,5,60.0,0,7,7,3,3,3,1,0,32,2564,2021-01-02T01:00:00.000Z,Avdija
432,8267,41,3,SF,16:23,1,4,25.0,0,0,0.0,1,2,50.0,0,1,1,1,2,1,1,1,-9,2564,2021-01-03T23:00:00.000Z,Avdija
433,8290,41,1,SF,15:31,0,1,0.0,1,2,50.0,0,1,0.0,0,0,0,0,3,0,0,1,-9,2564,2021-01-07T00:00:00.000Z,Avdija
434,8305,41,0,SF,14:25,0,3,0.0,0,0,0.0,0,2,0.0,0,2,2,1,2,0,0,0,-21,2564,2021-01-09T00:30:00.000Z,Avdija
435,8317,41,20,SF,31:38,7,15,46.7,1,1,100,5,9,55.6,0,5,5,5,2,2,0,0,-4,2564,2021-01-10T00:00:00.000Z,Avdija
436,8333,41,6,SF,19:47,3,6,50.0,0,0,0.0,0,0,0.0,1,4,5,1,3,0,2,0,3,2564,2021-01-12T00:00:00.000Z,Avdija
437,7818,41,2,SF,15:41,1,4,25.0,0,0,0.0,0,2,0.0,1,1,2,0,2,0,0,0,-9,2564,2021-02-01T00:00:00.000Z,Avdija
438,8067,41,13,SF,23:04,5,6,83.3,1,1,100,2,3,66.7,3,4,7,3,3,0,0,0,4,2564,2021-02-03T01:00:00.000Z,Avdija
439,8512,41,13,SF,32:55,5,9,55.6,0,0,0.0,3,5,60.0,0,4,4,0,2,1,2,0,-9,2564,2021-02-04T01:00:00.000Z,Avdija
440,8528,41,4,SF,16:06,2,5,40.0,0,0,0.0,0,2,0.0,0,6,6,0,3,1,0,1,-11,2564,2021-02-06T01:00:00.000Z,Avdija
441,7723,41,4,SF,15:25,2,5,40.0,0,0,0.0,0,2,0.0,0,2,2,2,1,0,1,0,-22,2564,2021-02-07T18:00:00.000Z,Avdija
442,8549,41,4,,28:27,2,9,22.2,0,2,0.0,0,5,0.0,0,10,10,1,4,3,1,0,15,2564,2021-02-09T01:00:00.000Z,Avdija
443,8563,41,9,,26:40,3,7,42.9,1,2,50.0,2,6,33.3,1,6,7,3,3,0,2,0,-11,2564,2021-02-11T00:00:00.000Z,Avdija
444,8577,41,8,,21:30,3,9,33.3,1,2,50.0,1,5,20.0,2,4,6,0,3,0,2,0,-3,2564,2021-02-13T00:00:00.000Z,Avdija
445,8068,41,8,,27:59,2,9,22.2,3,4,75.0,1,5,20.0,1,9,10,0,4,0,2,0,-2,2564,2021-02-14T18:00:00.000Z,Avdija
446,8602,41,5,,19:39,2,4,50.0,0,0,0.0,1,3,33.3,0,3,3,0,5,0,0,0,6,2564,2021-02-16T00:00:00.000Z,Avdija
447,8618,41,3,,20:40,1,3,33.3,0,0,0.0,1,3,33.3,0,7,7,2,2,1,1,0,14,2564,2021-02-18T01:00:00.000Z,Avdija
448,8645,41,2,,11:05,1,1,100,0,0,0.0,0,0,0.0,0,3,3,0,2,0,0,0,-4,2564,2021-02-21T03:00:00.000Z,Avdija
449,8660,41,8,,22:32,3,5,60.0,0,0,0.0,2,3,66.7,0,9,9,2,1,1,1,0,-4,2564,2021-02-23T03:00:00.000Z,Avdija
450,8669,41,0,,11:31,0,2,0.0,0,0,0.0,0,1,0.0,0,1,1,0,3,0,2,0,-13,2564,2021-02-24T03:00:00.000Z,Avdija
451,8683,41,2,,19:31,1,1,100,0,0,0.0,0,0,0.0,0,2,2,1,0,0,0,0,-2,2564,2021-02-26T02:00:00.000Z,Avdija
452,8025,41,2,,20:49,1,6,16.7,0,0,0.0,0,2,0.0,0,2,2,0,4,0,1,1,17,2564,2021-02-28T00:00:00.000Z,Avdija
453,8032,41,0,,6:46,0,1,0.0,0,0,0.0,0,1,0.0,0,1,1,0,3,1,0,0,-1,2564,2021-03-01T00:00:00.000Z,Avdija
454,8044,41,10,,25:41,4,7,57.1,0,0,0.0,2,4,50.0,0,7,7,1,0,0,2,0,6,2564,2021-03-03T00:00:00.000Z,Avdija
455,8062,41,4,,24:53,2,2,100,0,0,0.0,0,0,0.0,1,6,7,0,1,1,0,1,-13,2564,2021-03-05T00:00:00.000Z,Avdija
456,8794,41,13,,24:13,5,8,62.5,0,0,0.0,3,5,60.0,0,6,6,1,2,1,0,0,2,2564,2021-03-11T01:00:00.000Z,Avdija
457,8807,41,4,,28:16,2,6,33.3,0,0,0.0,0,3,0.0,0,5,5,1,5,0,1,0,-6,2564,2021-03-13T01:00:00.000Z,Avdija
458,8817,41,9,SF,34:59,4,10,40.0,0,0,0.0,1,6,16.7,1,3,4,1,5,1,1,1,-11,2564,2021-03-14T00:00:00.000Z,Avdija
459,8831,41,11,,31:19,5,9,55.6,0,0,0.0,1,4,25.0,0,6,6,2,3,0,1,0,8,2564,2021-03-15T23:00:00.000Z,Avdija
460,8128,41,6,,17:44,3,5,60.0,0,0,0.0,0,2,0.0,0,2,2,1,2,0,1,1,-2,2564,2021-03-17T23:00:00.000Z,Avdija
461,8347,41,2,,20:23,0,3,0.0,2,2,100,0,3,0.0,0,4,4,1,3,0,0,0,2,2564,2021-03-18T23:00:00.000Z,Avdija
462,8875,41,0,,11:07,0,2,0.0,0,0,0.0,0,1,0.0,0,1,1,0,1,0,0,0,-18,2564,2021-03-21T23:00:00.000Z,Avdija
463,8890,41,14,,21:47,5,7,71.4,2,3,66.7,2,4,50.0,1,3,4,0,6,0,0,0,-5,2564,2021-03-23T23:30:00.000Z,Avdija
464,8188,41,0,,10:55,0,4,0.0,0,0,0.0,0,1,0.0,0,2,2,0,4,0,0,1,-1,2564,2021-03-25T23:30:00.000Z,Avdija
465,8203,41,5,SF,26:51,2,6,33.3,0,0,0.0,1,3,33.3,1,4,5,2,0,2,0,0,2,2564,2021-03-28T00:00:00.000Z,Avdija
466,8216,41,12,SF,31:31,4,6,66.7,2,2,100,2,3,66.7,0,8,8,1,2,0,0,0,11,2564,2021-03-29T23:00:00.000Z,Avdija
467,8946,41,3,SF,32:09,1,10,10.0,0,0,0.0,1,7,14.3,0,8,8,0,6,0,1,1,-3,2564,2021-03-30T23:00:00.000Z,Avdija
468,8360,41,11,SF,33:58,4,10,40.0,2,5,40.0,1,4,25.0,0,10,10,1,3,1,1,0,-31,2564,2021-04-01T23:00:00.000Z,Avdija
469,8975,41,9,SF,39:21,4,11,36.4,1,1,100,0,4,0.0,1,7,8,1,3,0,0,0,-19,2564,2021-04-03T23:00:00.000Z,Avdija
470,8991,41,12,SF,39:39,4,10,40.0,2,2,100,2,6,33.3,2,8,10,1,1,0,0,1,8,2564,2021-04-05T23:00:00.000Z,Avdija
471,9005,41,16,SF,29:31,6,10,60.0,0,0,0.0,4,7,57.1,0,5,5,2,2,0,0,0,19,2564,2021-04-07T23:00:00.000Z,Avdija
472,9026,41,2,PF,21:23,0,6,0.0,2,4,50.0,0,3,0.0,1,3,4,3,1,2,0,0,-13,2564,2021-04-10T02:00:00.000Z,Avdija
473,9031,41,9,SF,31:17,2,6,33.3,3,4,75.0,2,4,50.0,0,6,6,2,4,0,1,0,-19,2564,2021-04-11T02:00:00.000Z,Avdija
474,9048,41,0,SF,9:51,0,0,0.0,0,0,0.0,0,0,0.0,0,2,2,0,4,0,0,1,-5,2564,2021-04-13T01:00:00.000Z,Avdija
475,9067,41,11,SF,31:07,5,7,71.4,0,0,0.0,1,2,50.0,0,4,4,0,2,1,0,1,-6,2564,2021-04-15T02:00:00.000Z,Avdija
476,9075,41,0,SF,20:10,0,2,0.0,0,0,0.0,0,2,0.0,0,4,4,2,3,1,0,1,2,2564,2021-04-16T23:00:00.000Z,Avdija
477,9084,41,3,SF,23:34,1,1,100,0,0,0.0,1,1,100,0,5,5,2,1,2,1,1,20,2564,2021-04-18T00:00:00.000Z,Avdija
478,8381,41,6,PF,26:11,3,11,27.3,0,1,0.0,0,6,0.0,1,5,6,0,2,0,0,0,5,2564,2021-04-20T00:00:00.000Z,Avdija
479,8394,41,6,PF,13:50,2,5,40.0,2,2,100,0,0,0.0,1,2,3,0,0,1,1,0,9,2564,2021-04-21T23:00:00.000Z,Avdija
480,8144,28,5,,18:23,2,4,50.0,0,0,0.0,1,3,33.3,0,3,3,0,0,0,2,0,0,2644,2020-12-13T02:00:00.000Z,Smith
481,8156,28,8,PF,23:30,3,8,37.5,1,2,50.0,1,4,25.0,0,7,7,0,4,0,0,0,-17,2644,2020-12-15T02:00:00.000Z,Smith
482,8163,28,5,,26:38,1,6,16.7,3,6,50.0,0,5,0.0,0,4,4,2,3,1,2,1,-3,2644,2020-12-17T02:00:00.000Z,Smith
483,7505,28,1,,16:28,0,3,0.0,1,2,50.0,0,2,0.0,1,7,8,0,3,0,1,1,-1,2644,2020-12-19T03:30:00.000Z,Smith
484,7512,28,4,,16:13,2,3,66.7,0,2,0.0,0,0,0.0,1,2,3,1,1,0,1,1,6,2644,2020-12-24T03:30:00.000Z,Smith
485,7538,28,0,,4:05,0,2,0.0,0,0,0.0,0,1,0.0,2,0,2,0,0,0,0,0,3,2644,2020-12-27T03:00:00.000Z,Smith
486,7547,28,,,,,,,,,,,,,,,,,,,,,,2644,2020-12-28T02:00:00.000Z,Smith
487,8234,28,,,,,,,,,,,,,,,,,,,,,,2644,2020-12-30T03:00:00.000Z,Smith
488,8296,28,0,,0:00,0,0,0.0,0,0,0.0,0,0,0.0,0,0,0,0,0,0,0,0,0,2644,2021-01-07T02:00:00.000Z,Smith
489,8333,28,0,,0:00,0,0,0.0,0,0,0.0,0,0,0.0,0,0,0,0,0,0,0,0,0,2644,2021-01-12T00:00:00.000Z,Smith
490,7746,28,0,,0:00,0,0,0.0,0,0,0.0,0,0,0.0,0,0,0,0,0,0,0,0,0,2644,2021-01-23T03:00:00.000Z,Smith
491,7756,28,5,,8:46,2,3,66.7,0,0,0.0,1,2,50.0,1,1,2,0,2,0,0,1,-5,2644,2021-01-24T02:00:00.000Z,Smith
492,7789,28,3,,5:05,1,4,25.0,0,0,0.0,1,2,50.0,1,0,1,0,0,0,0,0,-3,2644,2021-01-28T02:00:00.000Z,Smith
493,7794,28,2,,5:04,1,2,50.0,0,0,0.0,0,0,0.0,0,0,0,0,0,0,0,0,-4,2644,2021-01-29T03:00:00.000Z,Smith
494,7811,28,0,,0:00,0,0,0.0,0,0,0.0,0,0,0.0,0,0,0,0,0,0,0,0,0,2644,2021-01-31T02:00:00.000Z,Smith
495,7827,28,0,,0:00,0,0,0.0,0,0,0.0,0,0,0.0,0,0,0,0,0,0,0,0,0,2644,2021-02-02T01:30:00.000Z,Smith
496,8516,28,0,,6:09,0,2,0.0,0,0,0.0,0,1,0.0,0,1,1,1,0,0,0,0,4,2644,2021-02-04T02:30:00.000Z,Smith
497,8530,28,0,,2:57,0,1,0.0,0,0,0.0,0,1,0.0,0,1,1,0,0,0,0,0,-6,2644,2021-02-06T02:00:00.000Z,Smith
498,8546,28,0,,0:00,0,0,0.0,0,0,0.0,0,0,0.0,0,0,0,0,0,0,0,0,0,2644,2021-02-07T19:00:00.000Z,Smith
499,8553,28,0,,0:00,0,0,0.0,0,0,0.0,0,0,0.0,0,0,0,0,0,0,0,0,0,2644,2021-02-09T02:00:00.000Z,Smith
500,8570,28,0,,0:00,0,0,0.0,0,0,0.0,0,0,0.0,0,0,0,0,0,0,0,0,0,2644,2021-02-11T03:00:00.000Z,Smith
501,8587,28,0,,1:22,0,0,0.0,0,0,0.0,0,0,0.0,0,0,0,0,0,0,0,0,-3,2644,2021-02-13T20:00:00.000Z,Smith
502,8689,28,0,,1:02,0,0,0.0,0,0,0.0,0,0,0.0,0,0,0,0,0,0,0,0,-2,2644,2021-02-27T01:00:00.000Z,Smith
503,8034,28,0,,3:05,0,1,0.0,0,0,0.0,0,1,0.0,0,0,0,0,1,0,0,0,-5,2644,2021-03-01T02:00:00.000Z,Smith
504,8723,28,0,,0:00,0,0,0.0,0,0,0.0,0,0,0.0,0,0,0,0,0,0,0,0,0,2644,2021-03-03T03:00:00.000Z,Smith
505,8366,28,2,,3:39,1,1,100,0,0,0.0,0,0,0.0,0,1,1,0,0,0,0,0,2,2644,2021-03-05T03:00:00.000Z,Smith
506,8805,28,0,,0:00,0,0,0.0,0,0,0.0,0,0,0.0,0,0,0,0,0,0,0,0,0,2644,2021-03-12T03:00:00.000Z,Smith
507,7702,28,0,,0:00,0,0,0.0,0,0,0.0,0,0,0.0,0,0,0,0,0,0,0,0,0,2644,2021-03-14T03:00:00.000Z,Smith
508,8835,28,3,,4:29,1,1,100,1,1,100,0,0,0.0,0,3,3,0,1,0,1,0,1,2644,2021-03-16T02:00:00.000Z,Smith
509,8856,28,0,,0:00,0,0,0.0,0,0,0.0,0,0,0.0,0,0,0,0,0,0,0,0,0,2644,2021-03-19T02:00:00.000Z,Smith
510,8866,28,0,,1:52,0,0,0.0,0,0,0.0,0,0,0.0,0,0,0,0,1,0,1,0,-8,2644,2021-03-20T02:00:00.000Z,Smith
511,8879,28,0,,0:52,0,1,0.0,0,0,0.0,0,1,0.0,0,1,1,0,1,0,0,0,-1,2644,2021-03-22T02:00:00.000Z,Smith
512,8892,28,0,,1:23,0,0,0.0,0,0,0.0,0,0,0.0,0,0,0,0,0,0,0,0,-4,2644,2021-03-24T00:00:00.000Z,Smith
513,8179,28,0,,0:00,0,0,0.0,0,0,0.0,0,0,0.0,0,0,0,0,0,0,0,0,0,2644,2021-03-25T00:00:00.000Z,Smith
514,8193,28,0,,0:00,0,0,0.0,0,0,0.0,0,0,0.0,0,0,0,0,0,0,0,0,0,2644,2021-03-26T23:30:00.000Z,Smith
515,8212,28,0,,0:00,0,0,0.0,0,0,0.0,0,0,0.0,0,0,0,0,0,0,0,0,0,2644,2021-03-28T17:00:00.000Z,Smith
516,8352,28,0,,0:00,0,0,0.0,0,0,0.0,0,0,0.0,0,0,0,0,0,0,0,0,0,2644,2021-03-31T02:00:00.000Z,Smith
517,8958,28,0,,0:00,0,0,0.0,0,0,0.0,0,0,0.0,0,0,0,0,0,0,0,0,0,2644,2021-04-01T02:00:00.000Z,Smith
518,8972,28,2,,6:56,1,4,25.0,0,0,0.0,0,1,0.0,0,1,1,0,2,0,1,0,5,2644,2021-04-03T02:00:00.000Z,Smith
519,8996,28,0,,0:00,0,0,0.0,0,0,0.0,0,0,0.0,0,0,0,0,0,0,0,0,0,2644,2021-04-06T00:00:00.000Z,Smith
520,9011,28,0,,0:00,0,0,0.0,0,0,0.0,0,0,0.0,0,0,0,0,0,0,0,0,0,2644,2021-04-08T02:00:00.000Z,Smith
521,9016,28,2,,1:24,1,1,100,0,0,0.0,0,0,0.0,0,0,0,0,0,0,0,0,6,2644,2021-04-09T02:00:00.000Z,Smith
522,9031,28,0,,4:15,0,1,0.0,0,0,0.0,0,0,0.0,0,0,0,0,0,0,0,0,2,2644,2021-04-11T02:00:00.000Z,Smith
523,9050,28,0,,0:00,0,0,0.0,0,0,0.0,0,0,0.0,0,0,0,0,0,0,0,0,0,2644,2021-04-13T02:00:00.000Z,Smith
524,9055,28,0,,3:10,0,0,0.0,0,0,0.0,0,0,0.0,0,0,0,0,0,0,1,0,2,2644,2021-04-14T02:00:00.000Z,Smith
525,9071,28,0,,0:00,0,0,0.0,0,0,0.0,0,0,0.0,0,0,0,0,0,0,0,0,0,2644,2021-04-16T02:00:00.000Z,Smith
526,9088,28,2,,5:46,1,2,50.0,0,0,0.0,0,1,0.0,1,2,3,0,1,1,0,0,1,2644,2021-04-18T02:00:00.000Z,Smith
527,8382,28,0,,0:00,0,0,0.0,0,0,0.0,0,0,0.0,0,0,0,0,0,0,0,0,0,2644,2021-04-20T00:00:00.000Z,Smith
528,8392,28,0,,0:00,0,0,0.0,0,0,0.0,0,0,0.0,0,0,0,0,0,0,0,0,0,2644,2021-04-21T23:00:00.000Z,Smith
529,8401,28,0,,0:00,0,0,0.0,0,0,0.0,0,0,0.0,0,0,0,0,0,0,0,0,0,2644,2021-04-22T23:00:00.000Z,Smith
530,8421,28,0,,1:00,0,1,0.0,0,0,0.0,0,0,0.0,0,0,0,0,0,0,0,0,1,2644,2021-04-25T19:30:00.000Z,Smith
531,8429,28,0,,0:00,0,0,0.0,0,0,0.0,0,0,0.0,0,0,0,0,0,0,0,0,0,2644,2021-04-26T23:30:00.000Z,Smith
532,8450,28,0,,0:28,0,0,0.0,0,0,0.0,0,0,0.0,0,0,0,0,0,0,0,0,-3,2644,2021-04-29T02:00:00.000Z,Smith
